    0.0919295548
    0.1120720354
    0.1093879293
    0.1143402291
    0.1110047320
    0.1151518967
    0.1086756518
    0.1156568921
    0.1236695420
    0.1196077752
    0.1067205497
    0.1092057645
    0.1147888051
    0.1106412827
    0.0893292530
    0.1183589925
    0.0954271259
    0.0922871231
    0.1136319775
    0.0892169079
    0.1148270186
    0.1143991378
    0.1118003399
    0.1129567595
    0.1115795218
    0.1137454715
    0.1159207128
    0.1147654325
    0.0967944313
    0.1092504853
    0.0957820287
    0.1122488423
    0.1105915026
    0.1016767769
    0.1058109096
    0.1097101499
    0.1257835404
    0.0927971137
    0.1106415676
    0.1181418666
    0.1172517020
    0.1025038653
    0.1265067915
    0.1211366238
    0.1141945653
    0.1150319020
    0.0938347592
    0.1133243472
    0.1135904185
    0.1163997739
    0.1175087217
    0.1090577147
    0.1070158602
    0.1118982930
    0.1046646979
    0.1101550811
    0.1115770294
    0.1171263168
    0.1126268927
    0.0932489126
    0.1130858949
    0.1104535968
    0.0971891129
    0.1061206980
    0.1193378536
    0.1099920952
    0.1088732530
    0.1017379511
    0.1086194046
    0.1120806598
    0.1153884998
    0.1084284330
    0.1116433450
    0.1204872991
    0.1134396029
    0.1143489722
    0.1102145893
    0.1262859597
    0.1033982917
    0.1247802284
    0.1110969056
    0.1162974032
    0.1267753655
    0.1096118918
    0.1118301256
    0.1098060394
    0.1178510861
    0.1115961230
    0.1178446004
    0.1073713422
    0.1200886638
    0.1109517651
    0.1117022122
    0.0894791453
    0.1139017548
    0.1173118508
    0.1170701188
    0.1146072271
    0.0925796131
    0.1161422539
    0.1016572924
    0.1219213175
    0.1103903939
    0.1073386415
    0.1279093348
    0.1104775964
    0.1269452024
    0.1112212616
    0.0935760080
    0.1145056808
    0.0938009773
    0.1057850655
    0.1021729058
    0.1118757764
    0.0960038137
    0.1190290835
    0.1124652386
    0.1267193471
    0.1050916409
    0.1143691025
    0.1116961799
    0.1323563454
    0.1166369107
    0.1022070291
    0.1060234923
    0.1175859285
    0.1219810230
    0.0967772033
    0.1092630942
    0.0943098536
    0.1166875480
    0.1241748127
    0.1298985214
    0.1284663666
    0.1084853477
    0.1234925478
    0.1111801684
    0.1175483373
    0.0990243352
    0.1090615907
    0.1183422771
    0.1206351739
    0.1084515196
    0.1166694214
    0.0958540924
    0.1047828770
    0.1200857829
    0.1114679231
    0.1202084649
    0.0956744720
    0.1113694838
    0.1092813733
    0.1291102532
    0.1087675366
    0.1181899782
    0.1098517581
    0.1109893456
    0.1107387273
    0.0941564237
    0.1218930192
    0.0980722607
    0.1074445898
    0.1139340698
    0.1162757995
    0.1088570189
    0.1159567339
    0.1134612409
    0.1147961892
    0.1087867263
    0.1141639289
    0.1178101606
    0.1107335999
    0.1077039021
    0.1136136359
    0.1106100711
    0.0912975863
    0.1316605087
    0.1118631622
    0.1110947458
    0.1050113179
    0.1069397318
    0.1202837233
    0.0926860863
    0.1140567089
    0.1099296741
    0.1150566662
    0.0902474856
    0.1111826156
    0.1118391229
    0.1148074268
    0.1052015289
    0.1109655580
    0.1074247655
    0.1131674985
    0.0958897757
    0.1216073184
    0.1249893533
    0.1057593927
    0.1138805258
    0.0998126839
    0.0961921938
    0.1110530546
    0.0922431648
    0.1115148465
    0.0995027495
    0.1139834012
    0.1150380546
    0.1154538856
    0.1077279661
    0.1125421486
    0.1138010832
    0.1070503470
    0.1186734136
    0.0932134186
    0.1004543932
    0.1067271375
    0.1094548211
    0.1105717668
    0.1094439279
    0.1253142508
    0.0941102630
    0.1200017874
    0.1037359991
    0.1054095575
    0.1150063956
    0.1110967682
    0.1147490926
    0.1112168032
    0.1159310257
    0.1255674764
    0.1096294499
    0.0954040676
    0.1193066995
    0.0960233254
    0.1092621874
    0.1111571178
    0.1306097539
    0.1150712246
    0.1152125288
    0.1145577707
    0.1194899687
    0.1116466837
    0.1128391236
    0.1056177500
    0.1200047304
    0.1078819859
    0.1064749268
    0.0950599095
    0.1160741055
    0.1114635878
    0.1169271301
    0.1106482461
    0.1128780297
    0.1177625549
    0.1113796144
    0.1145570346
    0.1134482212
    0.1068850143
    0.1225318163
    0.1159654939
    0.1166848487
    0.1089410831
    0.1167497200
    0.0970509395
    0.1123017381
    0.1139476919
    0.0961709772
    0.1082639173
    0.1096090408
    0.1103948934
    0.1175233530
    0.1112482897
    0.1160719597
    0.1144775379
    0.1195934155
    0.1236351301
    0.0911508698
    0.1157055679
    0.1094479401
    0.1080649074
    0.1068585014
    0.1131392054
    0.1131414219
    0.1080873840
    0.1142894926
    0.1103772673
    0.1090228835
    0.1096768128
    0.1102864894
    0.1128502168
    0.1107170027
    0.1102319352
    0.1034003580
    0.1225542547
    0.1122128576
    0.1051710976
    0.1035169240
    0.1133370055
    0.1296529095
    0.1320752610
    0.1127981586
    0.1268569733
    0.1139772917
    0.1115817219
    0.1114905523
    0.0998237696
    0.1092202637
    0.1134956919
    0.1181038310
    0.1069611282
    0.1206487098
    0.1082019656
    0.1111957401
    0.1066704826
    0.0979545779
    0.1105541359
    0.1099626340
    0.1194064675
    0.0936332627
    0.1105332749
    0.1135917397
    0.1139065521
    0.1047081294
    0.0982901959
    0.0993067761
    0.1127826808
    0.1103720750
    0.0908740229
    0.1262642719
    0.1112052722
    0.1087065705
    0.1134441624
    0.1175183996
    0.1138851163
    0.1301894259
    0.1182593240
    0.1207770231
    0.1085095846
    0.1151168504
    0.1081324554
    0.1134209526
    0.1049363848
    0.1286536567
    0.1126970637
    0.1163311106
    0.0990966060
    0.1179776311
    0.0941307210
    0.1084076783
    0.1132787415
    0.1191161627
    0.1107383876
    0.1138122252
    0.1012161282
    0.1143211803
    0.1078821138
    0.1123098872
    0.1089194119
    0.1144274867
    0.1068184021
    0.1094361184
    0.1110235123
    0.1065878195
    0.1314134558
    0.0946089256
    0.1318025493
    0.1096153864
    0.1183915782
    0.1055341853
    0.1140574928
    0.1095542093
    0.1103357570
    0.1075140778
    0.0937461999
    0.0906173984
    0.1133637437
    0.1117638201
    0.1194343456
    0.1159165970
    0.1140615457
    0.1068604340
    0.1118249981
    0.1145082179
    0.1175165234
    0.1061341207
    0.1173766563
    0.1181894101
    0.1201501602
    0.1193390490
    0.1219717700
    0.1278856307
    0.1205073710
    0.1154222159
    0.0921153943
    0.1009317595
    0.1163781132
    0.1116747842
    0.1078740557
    0.1208324426
    0.1216482102
    0.0926794205
    0.1239818705
    0.1163180298
    0.1168120732
    0.0964344226
    0.1115261782
    0.1104179310
    0.1063861190
    0.0952013236
    0.1185126177
    0.1122871020
    0.1104722011
    0.1118852772
    0.1127414802
    0.1162203401
    0.1114241418
    0.1144305938
    0.1084337757
    0.1058077228
    0.1239485095
    0.1065786913
    0.1117923155
    0.1115008922
    0.1094090536
    0.1130225531
    0.1076076885
    0.1179638322
    0.1190642169
    0.1115961207
    0.1138528159
    0.1209142621
    0.1108959707
    0.1092312505
    0.1136868789
    0.1178235474
    0.1191705921
    0.1230980378
    0.1095561328
    0.1138220376
    0.1150417214
    0.1071309797
    0.1115096281
    0.0940392635
    0.1039298159
    0.1118795911
    0.1062976807
    0.1120036785
    0.1113697971
    0.1147154299
    0.1130329273
    0.1101390273
    0.1086309963
    0.1155446961
    0.1230879705
    0.1111577868
    0.0946484301
    0.1199068554
    0.1169430945
    0.1093441061
    0.1298719978
    0.1134771191
    0.1127792583
    0.0894059304
    0.1264546504
    0.0993799029
    0.1229347461
    0.0896731333
    0.1110449079
    0.1092328658
    0.1072763787
    0.1132739332
    0.0901733785
    0.1100681276
    0.1079712851
    0.1220556511
    0.1159533593
    0.1096242734
    0.1093808298
    0.1147959258
    0.1173495528
    0.0972455544
    0.1088904549
    0.1215504654
    0.1102157223
    0.1102478522
    0.1182333838
    0.1296299577
    0.1063662057
    0.1243862482
    0.1242640773
    0.1137216362
    0.1073320397
    0.0975421519
    0.1305543198
    0.1197769330
    0.1138657659
    0.0935575283
    0.1148187806
    0.1120335288
    0.1109277807
    0.1002753732
    0.1103749496
    0.1192113252
    0.1204525923
    0.1131698248
    0.0959310166
    0.1153743523
    0.1006250472
    0.1227628963
    0.1230291027
    0.1126024104
    0.1194375547
    0.1116638521
    0.1097060380
    0.1237719247
    0.1077694290
    0.1179323672
    0.1057515482
    0.1280719181
    0.1133964883
    0.1099260787
    0.1065258418
    0.1101513464
    0.1056529162
    0.1090959005
    0.1131093940
    0.1119111437
    0.1040648840
    0.0971133716
    0.1126232963
    0.0897636175
    0.0946070602
    0.1164946117
    0.1165494199
    0.1115866468
    0.1057812461
    0.1175718416
    0.1221496818
    0.1307131330
    0.1133378637
    0.1087314526
    0.0971014867
    0.1177051210
    0.1315044759
    0.1169191070
    0.1215580286
    0.1089189826
    0.1123034774
    0.1105428992
    0.1176132706
    0.1114042777
    0.1148857602
    0.1202439146
    0.1072251146
    0.1145059033
    0.1145273311
    0.1185415162
    0.1037323063
    0.1112526145
    0.1088776660
    0.1150505938
    0.1208789170
    0.1080582642
    0.1310015486
    0.1118573258
    0.1015629303
    0.1155717075
    0.1213885261
    0.1193534095
    0.1110646155
    0.1074386205
    0.1062996841
    0.1071196454
    0.1108212976
    0.1071858968
    0.0912608288
    0.1146466403
    0.1144183875
    0.1210246553
    0.1074618174
    0.0944048765
    0.1146258556
    0.1232268417
    0.1161665147
    0.1089097480
    0.1087372740
    0.1093199490
    0.1081338360
    0.1203068798
    0.1208448563
    0.1016475347
    0.1267436783
    0.1079486732
    0.1055740670
    0.1262597402
    0.1124973845
    0.1172145148
    0.1281506970
    0.1147520602
    0.1094431293
    0.1057881820
    0.1191832765
    0.1252745215
    0.1173924462
    0.1109036577
    0.1095181533
    0.1128793276
    0.0958676868
    0.1166418593
    0.1184513543
    0.1115462202
    0.1109538116
    0.1282526759
    0.1174234730
    0.1141270930
    0.1076019786
    0.1130371959
    0.1190752358
    0.1113129631
    0.1203143944
    0.1219220475
    0.1194935580
    0.1242087123
    0.0967253769
    0.1219851511
    0.1094018060
    0.0909892328
    0.1119158420
    0.1087785340
    0.1123499757
    0.1117935230
    0.1237584352
    0.1108055317
    0.0982683843
    0.1134838285
    0.1148749426
    0.1207346443
    0.1095923161
    0.1131549428
    0.1125127946
    0.1103362812
    0.1135935116
    0.0921808544
    0.1214451259
    0.1261325954
    0.1093718507
    0.1266673231
    0.1207317238
    0.1268607667
    0.1209955359
    0.1012732344
    0.1101674666
    0.1093318899
    0.1143211132
    0.1172519957
    0.1102137294
    0.1147405818
    0.1240833137
    0.1123734715
    0.0900786261
    0.1141101324
    0.1063781141
    0.1086727261
    0.1247400615
    0.1228147027
    0.1245220012
    0.1098911001
    0.1051237355
    0.1167937334
    0.1077419822
    0.1190314862
    0.1129648435
    0.1108976991
    0.1105205181
    0.1173384922
    0.1192085545
    0.1271241013
    0.1212798746
    0.0982026244
    0.1186827317
    0.1133697724
    0.1067319274
    0.1110104035
    0.1115845382
    0.1024657160
    0.0937014187
    0.1256282776
    0.1153418713
    0.1273899499
    0.1079348030
    0.1172454962
    0.1121222886
    0.0941900848
    0.1252402421
    0.1093040810
    0.1094384097
    0.1151857272
    0.0956282521
    0.1006644183
    0.1111990026
    0.1187444454
    0.1140419455
    0.1091783157
    0.1096714205
    0.0897401978
    0.1126318079
    0.1066068884
    0.1068277717
    0.1217065139
    0.1195903769
    0.1257485707
    0.1204182496
    0.1112118906
    0.1097602052
    0.0987174644
    0.1104936383
    0.1078453779
    0.1156212038
    0.1106322998
    0.1172123314
    0.1127358637
    0.1256207297
    0.1079834777
    0.1187978598
    0.1105495765
    0.0932845845
    0.1104423106
    0.1198590867
    0.1152729085
    0.1145061951
    0.1000236402
    0.0997422667
    0.1103692824
    0.1118625722
    0.0941822058
    0.1051195042
    0.0935864058
    0.1221700914
    0.0966970049
    0.1106329195
    0.1172556893
    0.1092222072
    0.1318840710
    0.1127623327
    0.1115866765
    0.1051609909
    0.1153504120
    0.1357261812
    0.1096128870
    0.1179083825
    0.1087279344
    0.1094028173
    0.1090970566
    0.1223715214
    0.1322817725
    0.0928403242
    0.1057803331
    0.1098233232
    0.1068586882
    0.1195336439
    0.1085324505
    0.1094769013
    0.1131034883
    0.1097054671
    0.1067890487
    0.1154000931
    0.1131556707
    0.1053831254
    0.1222028328
    0.1283497285
    0.1076710039
    0.1160278885
    0.0944156574
    0.1028283319
    0.1071649601
    0.1234884064
    0.0902944551
    0.1185486767
    0.1089573478
    0.1183354326
    0.1069511932
    0.1113681596
    0.1109840815
    0.1132853972
    0.1076230424
    0.1161399758
    0.1174769193
    0.1099971516
    0.1320720710
    0.1181769611
    0.0997994754
    0.1089495573
    0.1085632711
    0.1228074218
    0.1104011176
    0.1085410628
    0.1108800229
    0.1127115778
    0.1186567393
    0.1121013011
    0.1096436372
    0.0922266365
    0.1151463004
    0.1108465135
    0.1192736028
    0.1207562109
    0.1066585102
    0.1175697115
    0.1254164130
    0.1206885384
    0.1093473769
    0.1105635771
    0.1095132270
    0.1112856303
    0.1137522073
    0.1175408970
    0.1100043541
    0.1153297703
    0.1053467273
    0.1154044350
    0.1149394644
    0.1089060080
    0.1213781373
    0.1193146591
    0.1198104601
    0.1067966259
    0.1129359540
    0.1008367161
    0.0996934054
    0.1093257534
    0.1234613885
    0.1346021431
    0.1101218801
    0.1080231856
    0.1058629154
    0.1121072386
    0.1101796672
    0.1050359781
    0.1228883488
    0.1173511493
    0.1089777034
    0.1054466668
    0.1049361278
    0.1111893222
    0.1218466651
    0.1174908247
    0.0917384260
    0.1178688013
    0.1100894524
    0.1092597989
    0.1121191785
    0.1184641003
    0.1183873537
    0.1158990722
    0.1189526316
    0.1212607141
    0.0995054202
    0.1092733297
    0.1172154523
    0.1284665556
    0.1114715976
    0.1218410063
    0.1097934434
    0.1201645065
    0.1143823946
    0.1163284683
    0.0940648610
    0.1214338419
    0.1307232559
    0.0896303035
    0.1071066081
    0.1071127804
    0.1113548853
    0.1233014377
    0.0960111611
    0.1162589766
    0.1136149969
    0.1232585560
    0.1064515423
    0.1188959452
    0.1098983538
    0.1150246224
    0.1091453499
    0.0928476271
    0.1273338096
    0.1066725726
    0.1216302206
    0.0994478944
    0.1103217102
    0.1108399977
    0.1100215992
    0.1117217390
    0.0912488342
    0.0982141925
    0.1249892514
    0.1180318915
    0.1156889257
    0.1127317651
    0.1171165153
    0.0933440483
    0.1093984669
    0.1111005095
    0.0993439799
    0.0919159289
    0.1183323795
    0.0961461028
    0.1129477838
    0.1094426316
    0.1113433428
    0.1003422243
    0.1117846129
    0.0949202276
    0.1151931445
    0.1119908651
    0.1107913890
    0.1131979248
    0.1086126567
    0.1064753525
    0.1216806582
    0.1029540310
    0.1053214127
    0.1104077633
    0.0971480514
    0.1095088311
    0.1107830230
    0.1050249557
    0.1233824380
    0.1160380971
    0.1093676056
    0.1122949644
    0.1095985338
    0.0902680071
    0.1091948845
    0.1131287607
    0.1236323370
    0.1100114830
    0.1112701522
    0.1176879358
    0.1102141755
    0.0911557480
    0.1203006319
    0.1199375923
    0.1140984423
    0.1191408771
    0.1034972220
    0.1153390634
    0.1196532185
    0.1083555652
    0.1188564197
    0.1114307708
    0.1083733564
    0.1176473686
    0.1267538873
    0.1071057049
    0.1130999322
    0.1096261364
    0.1172327230
    0.1020073010
    0.0962502020
    0.0916744135
    0.1110514123
    0.1127077298
    0.1248122297
    0.1201183974
    0.0958020322
    0.1196066444
    0.1122474893
    0.1196442453
    0.1130157042
    0.1196304404
    0.1182196120
    0.1108124784
    0.0963019472
    0.1128444410
    0.1115243756
    0.1229557397
    0.1101852728
    0.1222237571
    0.1135281344
    0.0972622422
    0.1067678108
    0.1110583656
    0.1114740577
    0.1068184892
    0.1090985713
    0.1163074486
    0.1148697157
    0.1130369573
    0.1096112581
    0.1088372964
    0.1107965132
    0.1207082399
    0.1235840587
    0.1228758051
    0.0939408970
    0.1098480587
    0.1173765227
    0.1105940071
    0.1093768035
    0.1148203899
