   -0.0104237384    -0.0004547295    -0.0010805036
    0.0031469079    -0.0044893192    -0.0088477887
    0.0116031371     0.0053995728     0.0034731543
   -0.0018180644    -0.0008592306    -0.0119743196
    0.0020220936    -0.0095530771     0.0084634247
   -0.0000863278    -0.0075849145     0.0083954290
    0.0060698767    -0.0125609335     0.0015071032
    0.0070868204    -0.0074368231     0.0100814334
   -0.0005461874    -0.0042480987     0.0092232194
   -0.0006027228     0.0005561563     0.0130387061
    0.0110931382     0.0037971176    -0.0049038632
    0.0000566020     0.0115515456    -0.0043029417
    0.0000500444    -0.0068119721     0.0084194075
   -0.0032193222    -0.0126262068     0.0046527284
   -0.0088922044    -0.0018378711     0.0034480802
   -0.0046143850     0.0054073143    -0.0119500536
   -0.0068013289     0.0009381117     0.0061787092
   -0.0075010367    -0.0037947665     0.0040112371
    0.0001760687    -0.0063370762     0.0085646105
   -0.0092119088    -0.0011193430     0.0032256279
    0.0029390745    -0.0136168963     0.0006689448
    0.0008262801    -0.0106684178     0.0073069686
   -0.0056041846     0.0079133087     0.0086425080
    0.0033033422    -0.0041456478    -0.0090965388
    0.0062214396     0.0090977549    -0.0074238207
    0.0103841106    -0.0087748497     0.0061156365
    0.0064424635    -0.0016701073     0.0114338430
    0.0040865353    -0.0080574300    -0.0086098993
   -0.0095227141    -0.0038124184    -0.0025726791
    0.0107059194     0.0012364220    -0.0066245857
   -0.0043301244    -0.0023666211     0.0077839004
    0.0001864422     0.0122629609    -0.0033889786
   -0.0020629632    -0.0032735581    -0.0117705998
   -0.0035772309    -0.0078464884     0.0065321807
   -0.0025052064     0.0004467516     0.0101091190
    0.0080826999     0.0015875751    -0.0096239150
   -0.0010051565    -0.0038491514     0.0097228278
   -0.0088291951     0.0035144208     0.0024500306
   -0.0019497574     0.0065622254    -0.0111226940
   -0.0105096637     0.0077779356     0.0000006007
   -0.0076327720     0.0095489489    -0.0057824227
   -0.0097641043     0.0042968010    -0.0028328298
    0.0026052652    -0.0026326717    -0.0114828391
    0.0071763682     0.0126685217     0.0015116578
   -0.0020116569    -0.0070030524    -0.0111994550
   -0.0011639406    -0.0012956370    -0.0120718243
   -0.0060603539    -0.0027377171     0.0063871765
    0.0027002871     0.0118271882    -0.0040705950
    0.0091046959     0.0096629115     0.0031331422
    0.0041927826    -0.0091974653    -0.0080061692
   -0.0034998263     0.0022543396    -0.0122368820
    0.0053897392    -0.0114373945     0.0057147234
   -0.0013321729     0.0095453666    -0.0081306053
   -0.0107790849     0.0056731004    -0.0037201651
   -0.0101238264     0.0033883723    -0.0042519169
    0.0121746378     0.0057129189    -0.0004094322
   -0.0017571573     0.0118645889     0.0039929559
    0.0082254150     0.0109670426     0.0023269913
   -0.0021535244     0.0116556072     0.0045346618
   -0.0065057841    -0.0009515651     0.0061415480
    0.0034130891     0.0121689414     0.0050934288
    0.0027361888     0.0053616024     0.0117731639
   -0.0097705276    -0.0030494437    -0.0031922947
   -0.0094449155    -0.0026504859    -0.0075966374
    0.0039672894     0.0056285734    -0.0108351735
    0.0128758346     0.0023533112    -0.0027338511
    0.0078154168    -0.0113991481     0.0036016380
   -0.0030663105    -0.0015273399     0.0086713378
    0.0095007662     0.0068672963     0.0058912937
    0.0030447098    -0.0044115669    -0.0089041331
   -0.0104027354     0.0075526872    -0.0011223406
   -0.0003643599    -0.0043938568     0.0088574634
    0.0075992187    -0.0018807680     0.0103595770
   -0.0086199897    -0.0115613614     0.0025590775
    0.0122362239    -0.0085808456    -0.0010458032
    0.0000257579    -0.0080692137     0.0088585013
   -0.0088829238    -0.0087321104    -0.0034324771
    0.0001529310    -0.0006271453    -0.0128025199
   -0.0099471715     0.0038536856    -0.0035552610
    0.0038397788     0.0033308101    -0.0121366731
   -0.0065118732     0.0019339989    -0.0103223299
   -0.0043607764     0.0006838569    -0.0118381888
   -0.0015570075     0.0069013896     0.0122023801
    0.0088182291    -0.0007946090     0.0094583392
    0.0080037055     0.0097772127     0.0041120878
   -0.0099167635     0.0038271507    -0.0068068197
    0.0106308201    -0.0036877069    -0.0082702717
   -0.0049340237     0.0115761924     0.0000114234
   -0.0017923605     0.0057236517     0.0109091975
   -0.0048740814    -0.0058523852    -0.0102264085
   -0.0081692116     0.0100227739    -0.0049535208
   -0.0091993064     0.0066822806    -0.0061699869
    0.0027047565    -0.0126247879     0.0041994735
   -0.0090349967    -0.0023206151     0.0029298799
   -0.0018458662     0.0109989063     0.0062958482
    0.0081107059    -0.0073758316     0.0099590256
    0.0006670169    -0.0006765602     0.0127763495
    0.0019236672     0.0120458341    -0.0043677988
   -0.0099401753     0.0026973449     0.0001570626
   -0.0005460793    -0.0046004403     0.0089999548
   -0.0076972280    -0.0066780420     0.0013434277
   -0.0096407585     0.0099011065    -0.0020517677
   -0.0003686140    -0.0035457778     0.0089015696
    0.0081719079     0.0071901806     0.0070332239
   -0.0018473314     0.0058631256     0.0121323771
    0.0050781814    -0.0113968064    -0.0052042424
    0.0004489103    -0.0044583220     0.0124004369
    0.0082253388    -0.0033234560     0.0098695869
   -0.0062771207    -0.0006095781     0.0062898307
    0.0003528076    -0.0085861687     0.0086044304
   -0.0059086221    -0.0015892153     0.0064404887
    0.0130636854     0.0007171334     0.0000114263
   -0.0030612817    -0.0001937682     0.0094585927
    0.0041435624     0.0126532283     0.0000082910
   -0.0068232884     0.0013503452     0.0063261622
    0.0049653924     0.0001909074    -0.0119904750
    0.0057687302     0.0057658254    -0.0103653993
    0.0025277697    -0.0025996177    -0.0113890534
   -0.0103276018    -0.0007331101    -0.0056537333
   -0.0095741070     0.0087851392     0.0021841168
   -0.0081977365     0.0087529208     0.0053769637
   -0.0026027824     0.0031334483     0.0134314688
   -0.0030309215     0.0002512050    -0.0120226581
   -0.0019772035    -0.0060941523     0.0081612583
   -0.0041691342    -0.0091065055     0.0055315666
   -0.0067004653    -0.0115358557     0.0048435308
   -0.0013273614     0.0072230158     0.0108423945
   -0.0055894659     0.0011505749     0.0078993282
   -0.0034414512     0.0100617694     0.0062723898
   -0.0070608910    -0.0034079773     0.0050449625
   -0.0076444229     0.0082066202    -0.0080295224
    0.0025908458     0.0013006030    -0.0128200619
   -0.0014736028    -0.0016599820     0.0118416997
    0.0038992244     0.0030309847    -0.0125246761
    0.0122541201    -0.0011996193    -0.0043963730
    0.0075160946     0.0128004771     0.0023090252
    0.0066049060    -0.0091532945     0.0083463892
    0.0093852654    -0.0015674432    -0.0090507012
   -0.0044407787    -0.0074617466     0.0060509026
    0.0127493188    -0.0049569651     0.0027549210
   -0.0106010965     0.0080364910     0.0022302681
    0.0052226361    -0.0011198711    -0.0118048030
   -0.0039052957    -0.0017496717    -0.0113525554
   -0.0105383653     0.0073636725    -0.0002043870
   -0.0099966624     0.0028763629    -0.0020355759
   -0.0094642358     0.0054207859    -0.0014008505
    0.0013195009    -0.0031940221    -0.0122076982
   -0.0034734172    -0.0118837213    -0.0071238997
    0.0005162731     0.0094871456     0.0103391184
   -0.0041059177    -0.0028417456     0.0078885892
   -0.0094702274    -0.0076698740    -0.0005881308
    0.0017171905     0.0085393944    -0.0090248854
   -0.0006901065    -0.0041484078     0.0122452791
    0.0096239376     0.0086896901    -0.0009960992
   -0.0029417177     0.0012185263    -0.0122728220
   -0.0083670226    -0.0089120681    -0.0044954602
   -0.0056132362     0.0088565636    -0.0076752189
   -0.0042769223     0.0114951206    -0.0023728646
   -0.0070559059    -0.0039028645     0.0047248011
   -0.0021753647     0.0037665388     0.0121874138
   -0.0057176028     0.0022047426     0.0080340104
   -0.0032749657     0.0096270222    -0.0075565475
    0.0023142856    -0.0036752049    -0.0077392557
    0.0004870086     0.0032807311    -0.0126816174
   -0.0048718900     0.0096087453     0.0064634951
    0.0037880742    -0.0103064933    -0.0074866236
   -0.0006388258    -0.0046964769     0.0083255835
    0.0003434785    -0.0081431800     0.0087528950
    0.0003053505     0.0078735396    -0.0100073499
   -0.0012222732    -0.0059196791    -0.0116230659
    0.0035689284     0.0104954207    -0.0066684831
    0.0105409312     0.0074063979     0.0036831738
   -0.0085207359    -0.0071929352     0.0004412005
   -0.0033682455     0.0057614349    -0.0115586628
    0.0108025063     0.0055661525     0.0060407467
   -0.0074048219    -0.0003303646     0.0055353018
    0.0014186256    -0.0013655974    -0.0128693266
   -0.0047468995     0.0114654049    -0.0014612823
    0.0002914176    -0.0121827272     0.0054531563
   -0.0081400370    -0.0049476347    -0.0081318220
    0.0128430016     0.0007980192    -0.0020827478
    0.0138059311    -0.0082556856     0.0021979797
   -0.0101520535     0.0022351248    -0.0004658204
   -0.0084595863     0.0080718853    -0.0065103241
    0.0007253304     0.0125109399    -0.0011630387
   -0.0077308200    -0.0124073663     0.0000947305
   -0.0078616091    -0.0022172296     0.0045865434
   -0.0017834290     0.0003916953     0.0106425470
    0.0004234602     0.0055515009    -0.0116814501
    0.0043236560    -0.0042945021    -0.0097560983
    0.0130577949    -0.0003116190     0.0016984835
    0.0029765739    -0.0121669866    -0.0050818807
    0.0052417154     0.0051616819     0.0107126226
    0.0038620067    -0.0090092018    -0.0081512874
   -0.0082893895     0.0044435801     0.0023906920
   -0.0007432646     0.0068484316     0.0121883907
    0.0099442373    -0.0041986544    -0.0104476342
    0.0124775730    -0.0020259685     0.0042793043
    0.0004968694    -0.0096312086     0.0080996032
   -0.0037704491    -0.0073190187     0.0066833585
   -0.0051896349    -0.0009920953     0.0073573402
   -0.0106616112    -0.0007459700    -0.0073826412
   -0.0075066526     0.0013428862     0.0052937185
   -0.0032418816    -0.0118811072     0.0058706631
   -0.0098702038    -0.0027675674    -0.0039642188
   -0.0026326740     0.0068640030     0.0101047208
   -0.0018768987     0.0103607911     0.0073373296
   -0.0063013883    -0.0103176156    -0.0072206518
    0.0086189584     0.0034474589    -0.0087770314
   -0.0097634778     0.0015507300    -0.0084489611
   -0.0059085879     0.0079190859    -0.0090272999
    0.0104453870    -0.0011276510     0.0077673571
    0.0042104575    -0.0109027465    -0.0071187575
   -0.0068021023    -0.0013947929     0.0060026000
   -0.0098620667     0.0035088174    -0.0031652342
    0.0088171969     0.0065289443    -0.0068572645
    0.0072934702    -0.0096716886    -0.0062737915
    0.0126123047    -0.0040080007    -0.0036839669
   -0.0019310989    -0.0128057098    -0.0056724446
    0.0042061093    -0.0010676410    -0.0124947911
   -0.0100978793     0.0025602032    -0.0012980848
    0.0043154276    -0.0035617459    -0.0103256589
   -0.0036379850    -0.0084310860     0.0062072791
    0.0123532470     0.0003029910     0.0043792632
   -0.0084626369     0.0073609994     0.0072379630
   -0.0013863727     0.0125140284     0.0003026348
    0.0003957277    -0.0076990443     0.0084330708
   -0.0053924797    -0.0088076336    -0.0085306983
    0.0105064760    -0.0082513548     0.0071305289
   -0.0013866936    -0.0018592935     0.0111905340
   -0.0066976886     0.0093168623     0.0057867856
   -0.0077038659    -0.0053123070     0.0018692933
    0.0003185918    -0.0017286656    -0.0122897228
   -0.0074804997    -0.0048552496     0.0033775633
    0.0037306023     0.0022261568     0.0120684000
    0.0082263155     0.0003011211    -0.0095093947
    0.0036575722    -0.0022506395    -0.0124163851
    0.0026852144    -0.0040812576    -0.0097324092
    0.0036949002    -0.0019363082     0.0119394258
    0.0026087328     0.0116977150    -0.0046578868
   -0.0090490785     0.0098365984    -0.0016017195
    0.0012715577    -0.0083392184    -0.0099000824
   -0.0012892595    -0.0095020123    -0.0098799407
    0.0129831555     0.0010571040     0.0013719693
   -0.0085546303     0.0101854829    -0.0022706730
   -0.0041708981     0.0099350672    -0.0065584088
   -0.0050495689    -0.0042631988    -0.0106065893
   -0.0081552085     0.0041002019     0.0029709317
    0.0022650694     0.0039413363    -0.0120583821
   -0.0006200312    -0.0110523743     0.0069701302
   -0.0082176638    -0.0121420997    -0.0025411080
    0.0057828847    -0.0081812637    -0.0082662210
   -0.0066051583     0.0101127631    -0.0040921248
   -0.0080510562    -0.0120041101    -0.0040125922
   -0.0012794815     0.0059279400    -0.0115742638
    0.0033030898     0.0062690119    -0.0105021906
   -0.0059031731     0.0007702261    -0.0110484644
   -0.0062908690     0.0055072325     0.0081132425
    0.0036391586    -0.0034463875    -0.0105304068
    0.0018435805    -0.0121515873     0.0056236721
    0.0029918928     0.0044007077    -0.0116615816
   -0.0059480005     0.0096231313     0.0057720716
   -0.0099553736     0.0078411326     0.0051551697
   -0.0101975043     0.0005088645    -0.0036892519
    0.0035281285    -0.0119610181    -0.0051379235
   -0.0009123531     0.0044891149    -0.0123459821
   -0.0057909147    -0.0066888810     0.0050669192
    0.0131277626    -0.0040235317    -0.0003104127
   -0.0048762427     0.0113090516     0.0013681005
   -0.0016404167    -0.0012828293     0.0098737290
   -0.0002831015    -0.0066980123     0.0093856523
    0.0102402641     0.0081061205     0.0029272710
    0.0025477799     0.0117546841    -0.0051151283
    0.0037029828    -0.0039591149    -0.0094041492
    0.0012030017    -0.0051077153     0.0113084942
    0.0038027823     0.0020132960    -0.0126994204
   -0.0075889888     0.0003243656     0.0053543999
    0.0105888801    -0.0029481957    -0.0078911398
   -0.0006761903     0.0123655321     0.0019291126
   -0.0022707913     0.0008207276     0.0104292204
   -0.0025591317     0.0107807491    -0.0055247996
    0.0085184895    -0.0085924542     0.0080324412
    0.0020031532     0.0119944648    -0.0038871398
    0.0004705510     0.0087327875    -0.0090951783
   -0.0026742128     0.0050665279    -0.0120538540
    0.0026614465    -0.0116104996    -0.0061908390
   -0.0028639339    -0.0088800879     0.0069065338
   -0.0004430178    -0.0060068204     0.0086697287
   -0.0090056517     0.0060258808    -0.0069079477
    0.0037805231    -0.0110511212    -0.0063477078
    0.0030056699    -0.0122654970     0.0048947379
    0.0100476182    -0.0093297651    -0.0040591891
   -0.0013190119    -0.0036620931     0.0088075914
   -0.0039566167     0.0041365748    -0.0131415739
   -0.0054985940     0.0025960616    -0.0109283514
    0.0127823159     0.0000088756     0.0030707355
   -0.0099666830    -0.0038781192    -0.0041208333
    0.0119601608    -0.0089494807     0.0018058272
    0.0030675131    -0.0030697151    -0.0117489633
   -0.0018209839    -0.0004552627     0.0126140575
    0.0013771071     0.0111662127     0.0070363325
   -0.0012383782     0.0001246463     0.0121066027
    0.0033170971    -0.0069229557    -0.0087810693
    0.0109473125    -0.0086168392    -0.0039792980
    0.0031035012    -0.0040195877    -0.0081864467
   -0.0101063020    -0.0005498335    -0.0045846621
   -0.0028721793    -0.0139254809    -0.0000661678
    0.0034281238    -0.0068507724    -0.0090467888
    0.0123979406    -0.0054902898    -0.0060375258
    0.0088355600     0.0080155506    -0.0050591274
    0.0049353441    -0.0044410437     0.0122030736
   -0.0026301080     0.0085521630    -0.0092135168
    0.0111329534     0.0077653436     0.0005585765
    0.0106740611     0.0032931207    -0.0059366179
   -0.0098988834     0.0031889213    -0.0026599880
   -0.0048710431    -0.0135063675    -0.0014800947
    0.0020430419     0.0101693520    -0.0067028720
   -0.0076760743     0.0087845234    -0.0081411122
   -0.0072435905    -0.0034780028     0.0047772885
   -0.0066001245     0.0106355494     0.0004284402
    0.0010489965     0.0023564119     0.0127911296
   -0.0063181945    -0.0123094259    -0.0049030610
   -0.0088578016    -0.0064063932    -0.0008929871
   -0.0101320765     0.0013596760    -0.0038652490
   -0.0072157217    -0.0068593956     0.0021859064
    0.0099937154    -0.0055691223     0.0082300546
    0.0030658079     0.0016167844     0.0123324150
   -0.0103432767    -0.0007668572    -0.0000960280
   -0.0014769053     0.0034137285     0.0121739981
   -0.0055518967     0.0112209781    -0.0000847040
   -0.0021353118     0.0079680271    -0.0099178286
   -0.0053952719     0.0072496424     0.0095162650
    0.0025730895    -0.0038536188    -0.0085160349
    0.0004804898    -0.0076389478    -0.0107338398
    0.0021924272    -0.0014135982    -0.0125149164
   -0.0006262519    -0.0045329848     0.0092535744
    0.0064575872     0.0124757948    -0.0027322319
    0.0072094771    -0.0120792457    -0.0010041755
    0.0035549868    -0.0133939179    -0.0014779409
    0.0077608015     0.0068343434    -0.0079689382
    0.0022636211     0.0112368313    -0.0053163925
   -0.0097145456     0.0050690729    -0.0022440487
   -0.0005710431    -0.0037039530     0.0126909150
   -0.0001744076    -0.0087097457    -0.0102265634
    0.0049781185     0.0026562352    -0.0118155289
   -0.0039884534    -0.0001308895     0.0088513459
    0.0121956854    -0.0076185987     0.0057186067
   -0.0074279487    -0.0043272833     0.0037908820
   -0.0052621540     0.0108236525     0.0030225184
   -0.0038659875     0.0069688502     0.0099885210
   -0.0080048182     0.0101017755    -0.0041287466
    0.0006843800    -0.0095828798    -0.0092490190
   -0.0008138866    -0.0086687222     0.0087600183
   -0.0026802288    -0.0019963853     0.0085272699
    0.0067869574    -0.0035924782     0.0109020405
   -0.0097036763     0.0058091116    -0.0012765059
   -0.0022984597     0.0085775534     0.0085723558
   -0.0019632536    -0.0137494524    -0.0029452151
    0.0095087054    -0.0083880392     0.0076566385
   -0.0084652501     0.0056759756     0.0043344232
   -0.0017428898    -0.0018973896     0.0093123162
    0.0047015625    -0.0089172757     0.0090921997
   -0.0100463749    -0.0050225111    -0.0055229322
   -0.0016806568    -0.0024655961     0.0117244782
   -0.0068420073     0.0007098949     0.0060910218
   -0.0023915210     0.0050926741     0.0130366019
    0.0068113958     0.0092962608     0.0063933032
    0.0027975971    -0.0033417823    -0.0097896128
    0.0120458457    -0.0002541920     0.0051999903
    0.0102551997    -0.0067181524    -0.0071790796
   -0.0006319444    -0.0134221747     0.0030813444
    0.0122999159     0.0010501801    -0.0045409727
    0.0095443901     0.0023851311    -0.0079060715
   -0.0084682135     0.0038235573     0.0027594806
   -0.0082230343    -0.0035835879     0.0031765564
   -0.0070415918     0.0062137902    -0.0093522395
    0.0032590671     0.0123984254     0.0040220738
    0.0084352946    -0.0020413019    -0.0098782426
   -0.0081618206     0.0085339170    -0.0068306082
   -0.0055257363    -0.0097055170    -0.0081625787
    0.0119379437     0.0018827285     0.0051585025
    0.0025851269     0.0120731739     0.0051492373
    0.0125320503    -0.0085634299     0.0006998236
    0.0028334774    -0.0035836695    -0.0085865229
    0.0123909145     0.0016471955     0.0039747384
    0.0062291631    -0.0045905800    -0.0103372980
    0.0042757952     0.0114295344    -0.0054504254
   -0.0023379696     0.0007902827    -0.0125168961
    0.0041267625     0.0059606304    -0.0113531848
    0.0089347097    -0.0070040438     0.0107617908
   -0.0016993733     0.0068412077     0.0126694746
   -0.0023483800     0.0030405952    -0.0132061382
   -0.0043580316     0.0058795340    -0.0114206968
   -0.0073565454     0.0006779780     0.0055644007
   -0.0085042129     0.0053392119     0.0010899553
   -0.0024704453    -0.0092824992    -0.0105000816
   -0.0087083731     0.0069767620    -0.0068047601
    0.0110088179     0.0014935646     0.0069802591
   -0.0012212195    -0.0031113873     0.0094217037
   -0.0034805141    -0.0097580195    -0.0110551888
   -0.0096624820     0.0031264171     0.0007447852
   -0.0014103892     0.0053837327     0.0114672636
    0.0038748699     0.0083956543    -0.0086076962
   -0.0016899112    -0.0004396267    -0.0121415922
   -0.0100863587     0.0023860610    -0.0026785596
   -0.0033139170    -0.0005296771    -0.0115740459
   -0.0015568211     0.0122065309    -0.0004549105
   -0.0006812601    -0.0047416761     0.0087849826
   -0.0049129832    -0.0022225064     0.0074335995
   -0.0000716288    -0.0061546801    -0.0120623008
   -0.0023312100     0.0057912037    -0.0116216434
   -0.0020196244    -0.0116798703    -0.0075474514
    0.0094534578     0.0009574171     0.0094409622
    0.0006593058     0.0122447507    -0.0034396034
    0.0011226634     0.0102952320     0.0088210366
    0.0030399799    -0.0127379059    -0.0037810058
   -0.0014903284    -0.0024815765     0.0092195635
    0.0088467349     0.0019741120    -0.0088052377
   -0.0096705204    -0.0044749812    -0.0064926398
   -0.0092376577     0.0105131080    -0.0028716284
   -0.0064980239    -0.0067001617    -0.0087654919
    0.0016970637     0.0116336405     0.0060741157
   -0.0039524587    -0.0001510670    -0.0114003188
    0.0033741927     0.0032096337     0.0120894521
    0.0023090717    -0.0035358436    -0.0074224022
   -0.0037255484     0.0107913049    -0.0047991664
   -0.0008195523    -0.0077114754     0.0092810543
    0.0107142697    -0.0073332071     0.0083371882
    0.0114333447    -0.0091573789    -0.0014787048
   -0.0006861790    -0.0045049624     0.0077562528
    0.0066770837    -0.0021571098    -0.0110254530
    0.0066025102     0.0094585488    -0.0065179463
    0.0045692648    -0.0119649335     0.0050518634
   -0.0047382917    -0.0091811473    -0.0090373977
    0.0017313915    -0.0056586003    -0.0113710329
    0.0042085263    -0.0130519330    -0.0042099106
   -0.0014994982     0.0041902418     0.0117738434
    0.0116190325     0.0048247739     0.0044213308
    0.0012905834    -0.0115666236     0.0062092088
    0.0008098512     0.0007755616     0.0128610409
   -0.0075022531    -0.0084958739     0.0013941726
    0.0086572247    -0.0000760692    -0.0090954630
   -0.0069016542    -0.0035073952     0.0051807855
   -0.0025657886    -0.0017551415     0.0087987016
    0.0021652273    -0.0076323506    -0.0098397988
   -0.0070343146    -0.0014223093    -0.0098448074
   -0.0093924020     0.0060355410     0.0029616963
    0.0072787923     0.0012221321    -0.0103506679
   -0.0059422992    -0.0118065819     0.0048052342
   -0.0056090650     0.0112010619    -0.0022486275
    0.0005032900     0.0117273979     0.0052020183
    0.0117953627     0.0055490486    -0.0017741372
    0.0031823586     0.0053346129    -0.0111274036
   -0.0088204238     0.0105006077    -0.0028055002
    0.0013593810    -0.0132184394     0.0030054832
   -0.0055336526    -0.0055873885     0.0060609386
    0.0038463883    -0.0140022898    -0.0017308824
    0.0015112595     0.0089021276     0.0106619089
   -0.0089952259     0.0045758004    -0.0076022553
   -0.0022598890     0.0007706882     0.0133887467
    0.0005027500    -0.0099899037     0.0077634265
    0.0006022825     0.0124883747    -0.0028707441
   -0.0091942291     0.0001039777     0.0034446082
    0.0031174778    -0.0037205596    -0.0107080764
   -0.0054991833     0.0026396091     0.0083646433
    0.0013055280    -0.0033223938     0.0125675821
   -0.0085307908    -0.0025094788     0.0035990294
   -0.0016480702     0.0121201114     0.0030633310
    0.0039873124     0.0067030146     0.0106963237
   -0.0021439106     0.0093090679    -0.0083547211
    0.0001121715     0.0046947191    -0.0121615530
   -0.0080339243    -0.0026703464     0.0041434517
   -0.0037971897     0.0088519508     0.0079666857
    0.0009616334     0.0098985599    -0.0074216357
    0.0028729594     0.0021600697    -0.0125247286
    0.0073774109     0.0110503543     0.0032845924
    0.0100657623     0.0007588015    -0.0074990965
   -0.0088771555     0.0033093247    -0.0081823911
    0.0041328343    -0.0111268947    -0.0062649187
    0.0043317148    -0.0115596694    -0.0061088877
   -0.0101259777     0.0018781717    -0.0032926865
    0.0066461525    -0.0114440441     0.0048632658
    0.0125296661    -0.0057565971    -0.0070951986
   -0.0103061413    -0.0067999084    -0.0025450355
   -0.0052321768     0.0107777722    -0.0034258993
    0.0087038536    -0.0063331798     0.0101211463
    0.0029089927    -0.0016396708    -0.0122530205
   -0.0043512288     0.0038549337     0.0097385308
   -0.0088705963     0.0106963110    -0.0031895633
    0.0016033771    -0.0048278694     0.0123367295
   -0.0074910793     0.0069601296    -0.0085916034
   -0.0092289133    -0.0073047691    -0.0046745283
   -0.0066920574     0.0028257434     0.0068000199
    0.0029463915    -0.0004233731    -0.0127545096
    0.0020173501    -0.0047864421    -0.0114795638
    0.0003497759    -0.0048093461     0.0080748256
   -0.0075853092    -0.0046342275     0.0030359533
   -0.0084895970     0.0097622556    -0.0005724564
    0.0024044821    -0.0037312255    -0.0080969580
   -0.0008664126     0.0122255385    -0.0019824495
   -0.0036974588     0.0001505812     0.0091918056
   -0.0068547636     0.0029938113    -0.0099814288
   -0.0057332188    -0.0110434711    -0.0085465480
   -0.0092717029    -0.0109982234    -0.0019606389
   -0.0025302056    -0.0103275159     0.0077195085
   -0.0068685540    -0.0061963801     0.0035063108
   -0.0001690474    -0.0028408188    -0.0121011115
   -0.0078016174     0.0041289858     0.0045318026
   -0.0003360796     0.0081833534     0.0118156129
    0.0019281003    -0.0049192072    -0.0124215931
    0.0074468160    -0.0013257271     0.0105893419
    0.0066667352     0.0126187921     0.0025413570
   -0.0068135863     0.0014981012    -0.0102792716
   -0.0048321698    -0.0002810242    -0.0110388338
    0.0046119337     0.0115700741    -0.0067831993
    0.0125615871     0.0003979877    -0.0033428958
    0.0066599514    -0.0068688225     0.0109244423
    0.0131031405    -0.0001271169    -0.0005424688
   -0.0016310444    -0.0012808187     0.0131005293
   -0.0003342708    -0.0089014397     0.0085475593
    0.0001404609    -0.0108906523    -0.0081900660
   -0.0084375384    -0.0013784354    -0.0088304712
    0.0028308523     0.0126816326     0.0018688666
   -0.0037808412     0.0029362766     0.0099908354
    0.0072049859     0.0075631536    -0.0079623620
    0.0036430316    -0.0071450700    -0.0091380246
    0.0044034388    -0.0085582687    -0.0083230267
   -0.0062085113     0.0048512259     0.0079227027
   -0.0083773498     0.0047635827     0.0018534134
   -0.0110207538     0.0012293151    -0.0069313205
   -0.0081517829    -0.0015825047     0.0045193583
   -0.0079741630     0.0037380008     0.0035544119
    0.0002074987    -0.0057697304     0.0090242867
   -0.0023604539    -0.0000734117    -0.0120691324
   -0.0026934547    -0.0112630419    -0.0080993507
   -0.0070397540    -0.0060828006    -0.0086336297
    0.0059212911    -0.0007595324    -0.0113403091
    0.0015288607     0.0104109368     0.0104899643
    0.0032779548    -0.0014581753    -0.0124030694
   -0.0065137878    -0.0126292251    -0.0035782969
    0.0059626996     0.0008823798     0.0110478216
   -0.0087976998    -0.0051361450    -0.0011654370
    0.0038949091    -0.0024972261     0.0120356554
   -0.0015199638    -0.0024749868     0.0121425178
    0.0033713290    -0.0135935472    -0.0020900360
   -0.0082502620     0.0097826204    -0.0067660795
    0.0096715902    -0.0030858934     0.0085905315
   -0.0048447347     0.0115443741    -0.0020043806
    0.0111121995     0.0009883030    -0.0063298832
    0.0001462071    -0.0043490079     0.0078594813
    0.0102358110     0.0027203225     0.0084106095
    0.0036810125     0.0077591494    -0.0091967810
    0.0056962070    -0.0015157231    -0.0115050458
    0.0122348192     0.0024268449     0.0043682510
   -0.0044432907     0.0005430342    -0.0115628476
    0.0042853858     0.0123024934     0.0047898826
    0.0023604019    -0.0131442807     0.0044783322
   -0.0086269548     0.0056112605     0.0009704862
    0.0097255559     0.0021484964     0.0089327963
   -0.0000725089    -0.0130345501    -0.0049366078
   -0.0047513531     0.0034588613    -0.0115611866
   -0.0061595053     0.0068658365    -0.0111565045
   -0.0036568629    -0.0030246338    -0.0113667686
    0.0033998638     0.0023997162    -0.0133282553
   -0.0065511286     0.0045408127    -0.0100969317
   -0.0079029185     0.0046124365     0.0034015064
   -0.0075366562     0.0103685577    -0.0016825254
    0.0039730274     0.0030415209    -0.0123959298
   -0.0026280149     0.0046100612     0.0117712017
    0.0037529214    -0.0000782781     0.0120277819
   -0.0089373727    -0.0010067203    -0.0085086678
   -0.0103137000     0.0029090413    -0.0049272249
    0.0056231486     0.0041351483     0.0108218918
   -0.0024556424    -0.0120945486     0.0057011425
    0.0089167554     0.0084359001    -0.0041114308
   -0.0093650401    -0.0035623850     0.0005783196
   -0.0047184237    -0.0112153937     0.0063643399
    0.0106284352    -0.0012918805    -0.0076118421
   -0.0022582506     0.0011832459    -0.0127423459
    0.0127052033    -0.0039530444     0.0032532569
   -0.0052943667    -0.0050972595     0.0065310700
    0.0033498752    -0.0059204283    -0.0087990506
    0.0011325412    -0.0017810759    -0.0124412000
    0.0019687173    -0.0016659017     0.0123999371
    0.0121703723    -0.0000146853    -0.0045289940
   -0.0081383640     0.0062957677     0.0057943597
   -0.0003166807     0.0124925706     0.0010374101
    0.0109120071     0.0020459892    -0.0060673103
    0.0023513926    -0.0135148341     0.0043956488
    0.0116903331    -0.0050624317    -0.0079441728
   -0.0073356818    -0.0073120709     0.0017421981
    0.0012346996    -0.0046430783     0.0127065043
   -0.0052500308    -0.0069175997    -0.0095637481
   -0.0062415318    -0.0031779856    -0.0101618085
    0.0036279354     0.0023224472    -0.0125117426
   -0.0107254400     0.0062003467    -0.0029304057
    0.0056097132    -0.0022690333     0.0117172679
    0.0040926254     0.0076411676    -0.0107537423
    0.0072557858    -0.0043911500     0.0106761281
    0.0096460800    -0.0107596394     0.0013375604
   -0.0008128607    -0.0040189436     0.0088465716
   -0.0012589336    -0.0005524866     0.0110687141
    0.0024808086    -0.0044521521     0.0128089102
    0.0062759675     0.0125988055     0.0017342812
    0.0126532853     0.0018396913    -0.0039232484
    0.0124531559     0.0047589386     0.0008837045
    0.0060121526    -0.0059594943    -0.0094946445
   -0.0051426012    -0.0018829695     0.0073840210
    0.0042230389    -0.0038060603    -0.0098224776
    0.0009177202    -0.0038500562    -0.0121632666
    0.0103960689     0.0020754764     0.0084595293
   -0.0028155451     0.0089032191     0.0080996281
   -0.0016943909    -0.0031705708     0.0108050949
    0.0050445235     0.0115687571     0.0066002113
   -0.0070059884     0.0095248405    -0.0056042779
    0.0092656050     0.0054601748     0.0072410296
   -0.0021028405     0.0104141786     0.0067206015
   -0.0077045608    -0.0116030001     0.0037580004
    0.0045695420    -0.0119402487    -0.0045606419
    0.0140575411    -0.0077601977    -0.0014352214
   -0.0002264582    -0.0017893398     0.0127855239
    0.0022808352    -0.0138729541     0.0031795264
    0.0046020477    -0.0015132527    -0.0122111772
   -0.0073599107     0.0022962744     0.0055118431
    0.0004414257    -0.0013294342    -0.0124748744
   -0.0048670886    -0.0076008268    -0.0094925617
   -0.0074372614    -0.0013545134     0.0053431510
    0.0056094316    -0.0065998436    -0.0092279441
    0.0078789904    -0.0110094659    -0.0036349470
    0.0040356571     0.0124367241    -0.0016959638
    0.0086422292    -0.0041894710     0.0095467575
   -0.0045804899     0.0047364116    -0.0131182616
   -0.0013630949     0.0121752190    -0.0022159529
   -0.0075698868     0.0030829246     0.0050270920
   -0.0068593194     0.0098226256    -0.0047915479
    0.0001482372    -0.0059562812     0.0090144449
   -0.0091817176     0.0099773469    -0.0030680581
   -0.0031505776     0.0105736632     0.0054928909
   -0.0013904071    -0.0018533141    -0.0119826132
    0.0031251113    -0.0006227711     0.0121933562
    0.0090820372    -0.0087084553    -0.0060433975
    0.0057323998     0.0029828679    -0.0112916026
   -0.0079705770     0.0023918581     0.0044308074
   -0.0103420325     0.0091063102    -0.0002683677
    0.0002358592    -0.0045287485     0.0120670470
   -0.0107521086    -0.0003438929    -0.0064318566
   -0.0008065611     0.0010280798    -0.0138675534
    0.0021809996    -0.0136849572     0.0042667136
    0.0023224914     0.0004922511    -0.0130884594
   -0.0002546735    -0.0008964816    -0.0124796725
   -0.0033465561    -0.0015912765     0.0085202543
   -0.0020240000     0.0120505397     0.0001939489
    0.0094507687     0.0075723483     0.0052389181
   -0.0033206390    -0.0104165040     0.0075928776
   -0.0094424406    -0.0095562504    -0.0005449751
   -0.0033499764     0.0116986841    -0.0002066460
    0.0025009204    -0.0132206743     0.0029314565
   -0.0110796875     0.0087283866     0.0004275981
   -0.0020277497    -0.0013852856    -0.0118756639
   -0.0079066559    -0.0011414104     0.0049113387
    0.0048955101     0.0124266952    -0.0016853385
    0.0110295659     0.0047272059    -0.0043061271
   -0.0108086323    -0.0027619210    -0.0056367120
   -0.0015146223     0.0066514045     0.0115264719
    0.0006440074     0.0011885902    -0.0132788931
    0.0039648713    -0.0056237505     0.0129364502
   -0.0096749067    -0.0077564677    -0.0025036822
   -0.0050140256     0.0042060546     0.0091696448
    0.0048808197    -0.0040420375    -0.0100578361
   -0.0019347464    -0.0019519991     0.0090633537
   -0.0035902355     0.0029372768    -0.0124957053
    0.0070037848    -0.0024029516     0.0107429411
   -0.0016610341    -0.0022118314     0.0091280308
   -0.0057067047     0.0093216701    -0.0067779933
    0.0039947398     0.0075266842    -0.0094194423
    0.0039920047     0.0110741036    -0.0061720049
    0.0028093951    -0.0035424563    -0.0109061917
    0.0027167151    -0.0031623818    -0.0106248398
   -0.0083701901    -0.0056642250    -0.0003923849
    0.0015853562    -0.0055776685     0.0114248005
    0.0042046179     0.0122438561    -0.0025981900
   -0.0010404236     0.0103217593    -0.0068728179
    0.0026342046    -0.0089304356    -0.0088423197
    0.0084870055     0.0007958869     0.0099764457
   -0.0071578863     0.0048577122     0.0064408613
   -0.0054069021    -0.0033224202     0.0068882293
   -0.0019356374     0.0043405336     0.0129644861
    0.0088211276    -0.0057225519     0.0096195665
    0.0044495382    -0.0023496114    -0.0123365738
    0.0080165514     0.0083202147    -0.0060863937
   -0.0084790551    -0.0107427613    -0.0034780939
   -0.0079374789     0.0065999462    -0.0081212236
   -0.0065137966    -0.0054469451     0.0047566899
    0.0045144400    -0.0033949262    -0.0113398637
   -0.0015575177     0.0073647959    -0.0105205347
    0.0056269361    -0.0123116648    -0.0027648321
   -0.0026822684    -0.0096803505     0.0083124927
   -0.0074366427    -0.0045119136     0.0038805935
   -0.0096238287    -0.0040908314    -0.0033920281
   -0.0046598867    -0.0129069340     0.0033065605
    0.0048107630    -0.0028223370     0.0119681950
   -0.0016380356     0.0007739750     0.0110023125
    0.0007522131    -0.0138077247    -0.0014034386
    0.0126671119     0.0043741080     0.0017497482
   -0.0093384780     0.0008751316     0.0031214429
    0.0115113116    -0.0031304513    -0.0062992139
    0.0095054339     0.0077896898    -0.0038723807
   -0.0102174655     0.0042496066    -0.0038377490
    0.0020686480     0.0109218495     0.0098448705
    0.0017973922    -0.0132873005     0.0047947486
    0.0014489769    -0.0044087310     0.0125887460
    0.0059745803     0.0123545424     0.0053753697
   -0.0071140134    -0.0094586288    -0.0062191479
    0.0025453519     0.0127061208     0.0009812822
   -0.0099912535     0.0027030434    -0.0033058436
    0.0130605476     0.0034473452    -0.0014185947
    0.0124854135     0.0029634387     0.0035870916
    0.0044834584    -0.0020110651     0.0117780309
    0.0070071196     0.0001303257     0.0106039051
   -0.0074856706    -0.0108864154     0.0030962457
    0.0057414450     0.0087576517    -0.0082599770
    0.0009689704    -0.0013005998    -0.0125511405
   -0.0072386069    -0.0003466742    -0.0098155617
   -0.0065516409    -0.0109908872    -0.0073568110
    0.0034212491     0.0007282857     0.0122012839
   -0.0089827489    -0.0044594255    -0.0001632466
   -0.0110483229    -0.0018081868    -0.0063114914
    0.0005975551    -0.0019994121     0.0126357885
    0.0000240430    -0.0050794992     0.0097561097
    0.0064326830    -0.0029143350     0.0110994373
   -0.0063956287     0.0037300483     0.0074192019
   -0.0077886559    -0.0058678945     0.0016077383
    0.0111417871     0.0072300902     0.0013069240
    0.0027179174    -0.0046735689    -0.0084785649
   -0.0068343230    -0.0052141344     0.0042845635
   -0.0018851645    -0.0021281513     0.0087322440
   -0.0062086321    -0.0019499444     0.0061599318
    0.0073807561     0.0125180699    -0.0000877722
   -0.0071495729     0.0018012203     0.0059306447
    0.0119774461    -0.0028375708    -0.0052521410
   -0.0058718472     0.0069760024    -0.0104443052
   -0.0001016937     0.0121412836     0.0034852255
   -0.0016653852     0.0016573260     0.0127931270
   -0.0029436382    -0.0074392583    -0.0106640452
   -0.0022244361    -0.0112578261     0.0067964940
   -0.0083560956    -0.0066449724     0.0003423529
   -0.0007631984    -0.0077958200     0.0091970103
    0.0037489863     0.0023988528    -0.0135735354
   -0.0047881317     0.0088622937    -0.0080713636
   -0.0078633682     0.0103809249    -0.0022251265
   -0.0010207693    -0.0138908392    -0.0021844504
    0.0054397574    -0.0126778955    -0.0014689251
    0.0005789341    -0.0124067804    -0.0059760408
    0.0088288381    -0.0071449267     0.0109247413
    0.0035284315    -0.0017249964    -0.0127314238
   -0.0097941659    -0.0030955757    -0.0011864920
   -0.0059881339    -0.0046553664    -0.0099838905
    0.0015288072    -0.0136848534    -0.0011331180
    0.0080405421     0.0065025361     0.0077383687
    0.0074100782     0.0119286985     0.0003101820
    0.0113760800     0.0064459755    -0.0012526912
   -0.0034806098    -0.0060753673    -0.0108012869
    0.0090561973    -0.0066518400    -0.0080035593
   -0.0079065134     0.0041317775    -0.0089211753
    0.0111712325     0.0007687285     0.0066933700
    0.0037815395    -0.0121634168    -0.0051220967
   -0.0022464077     0.0111350336     0.0057167861
   -0.0092203636    -0.0049123553    -0.0068577975
    0.0076475553     0.0122701775     0.0010579558
   -0.0013129054    -0.0007941231     0.0119679619
   -0.0040520400     0.0103713723    -0.0056677562
   -0.0036772230     0.0051382075    -0.0120035198
   -0.0052579923    -0.0025027335     0.0071370457
   -0.0080458261     0.0049416031     0.0029380595
    0.0057565981     0.0058281552     0.0101030217
   -0.0092204836    -0.0120492362    -0.0039979812
   -0.0081580682    -0.0031284945     0.0036685195
    0.0133185390    -0.0078188025     0.0029527288
    0.0120943449     0.0046722041    -0.0023699153
   -0.0011094617    -0.0072993423    -0.0117577032
    0.0129815241     0.0019936566    -0.0001947069
   -0.0080261320     0.0098616077     0.0012487030
   -0.0084595160     0.0062888469    -0.0075581961
    0.0014066700     0.0013639321     0.0127641796
    0.0082623575     0.0050790399    -0.0085395209
    0.0047981901     0.0043829297    -0.0115248425
   -0.0004910548    -0.0046110936     0.0078148872
    0.0007790802     0.0114422630    -0.0046318252
    0.0033702588    -0.0006393525    -0.0128376925
    0.0033411473     0.0111437992    -0.0061328790
   -0.0078376462    -0.0059552964     0.0011551660
    0.0080725626     0.0085856667     0.0056609512
   -0.0097088847    -0.0073125364    -0.0033673501
    0.0038304345     0.0077151686    -0.0106984310
   -0.0046498104    -0.0135453635     0.0005285938
    0.0086770671     0.0093324346    -0.0024480763
   -0.0026916553     0.0118476436     0.0022907200
    0.0034103671    -0.0057724278    -0.0092319760
    0.0136841056    -0.0080172832     0.0000517234
    0.0021623394     0.0062469479    -0.0108803267
   -0.0017239478    -0.0021833754     0.0089448371
   -0.0072762458    -0.0029344741     0.0049224004
   -0.0080014892     0.0100608885    -0.0012130423
    0.0042247870    -0.0131316553    -0.0005709129
   -0.0105142359     0.0070894970     0.0014179809
   -0.0109704144     0.0079230616     0.0017677350
    0.0070143384     0.0061294343     0.0089711087
   -0.0012466691     0.0085483890     0.0094418090
    0.0078817270     0.0129301080     0.0012433163
   -0.0029013208     0.0044664630     0.0121197102
   -0.0032238945    -0.0138572677    -0.0013882363
   -0.0011900271    -0.0110106249    -0.0083302591
    0.0122850668     0.0038211870    -0.0030267011
   -0.0063762740     0.0083301364     0.0077349386
   -0.0096845428     0.0066168795     0.0035576562
    0.0117822293    -0.0048175144    -0.0068820824
    0.0117680072    -0.0015518606    -0.0055124174
    0.0061806272     0.0000339003    -0.0111779354
   -0.0082343291    -0.0026105863    -0.0087837035
    0.0025223675    -0.0135258088     0.0021780928
    0.0038397609    -0.0128576786    -0.0033380996
   -0.0005857405     0.0075959369    -0.0103326511
    0.0041859420     0.0064450255    -0.0104613832
    0.0036566128    -0.0059437731     0.0118695736
    0.0064113910    -0.0041183314    -0.0105949916
   -0.0087676349    -0.0068221565    -0.0002290601
    0.0026819275    -0.0064789376    -0.0099993794
   -0.0078465298     0.0039447361     0.0043118887
   -0.0036474134    -0.0006834168     0.0088090447
    0.0019007919     0.0097723485    -0.0073582843
    0.0055030935    -0.0022499482    -0.0117275040
    0.0003405781    -0.0004187677    -0.0142979472
   -0.0013225781    -0.0023725037     0.0088842607
    0.0081857710     0.0078839883     0.0063338064
   -0.0076753881    -0.0065181119    -0.0077581590
   -0.0059270993     0.0015395298    -0.0107258318
    0.0086969547     0.0097053223    -0.0008730976
   -0.0071890423     0.0054886713     0.0067008872
    0.0074851905     0.0125093629     0.0025835467
    0.0067858288     0.0115588177     0.0039040016
    0.0130794339    -0.0046691130     0.0005853572
   -0.0089800718    -0.0030549135    -0.0079562076
   -0.0015915326    -0.0024301101     0.0087653265
   -0.0040081232     0.0116769474    -0.0015971751
   -0.0013928985     0.0037757812     0.0129329684
   -0.0014702736     0.0089981118     0.0090523076
   -0.0095557750     0.0027806675     0.0015704999
   -0.0004427601     0.0021724854     0.0130007952
   -0.0054482599     0.0000715855    -0.0108229820
    0.0018411277     0.0126495477     0.0017005476
    0.0031140418     0.0084127563     0.0101363184
    0.0076003302    -0.0046373363    -0.0101799215
    0.0012702319    -0.0123298070     0.0060510584
    0.0016167786    -0.0125735100     0.0050655540
    0.0033799037     0.0040010811    -0.0117508741
    0.0043210601     0.0111775064    -0.0065068911
   -0.0092957118     0.0047674822    -0.0010654344
    0.0130692492     0.0032645723    -0.0002792092
    0.0035537153    -0.0137358216    -0.0005167653
    0.0019010868    -0.0019385452    -0.0119900735
   -0.0053863203     0.0083335468    -0.0085730848
   -0.0093591787    -0.0114819680     0.0013201163
    0.0117738044     0.0061605624     0.0008026290
   -0.0009420809     0.0015646850     0.0130794127
    0.0003517704    -0.0051283161     0.0089527660
   -0.0001515427    -0.0047799698     0.0096777674
   -0.0067118813    -0.0031167836     0.0056148429
   -0.0007102306    -0.0046591033     0.0090404578
   -0.0016641088    -0.0037364127     0.0112057787
   -0.0083655228    -0.0020406970     0.0040786541
    0.0104852631     0.0071830483    -0.0021836984
    0.0059832886     0.0031750962     0.0108232731
    0.0108880420     0.0080268927     0.0008476339
    0.0039774436    -0.0043729746     0.0127022231
   -0.0056703189     0.0000537384     0.0074417019
    0.0032397971     0.0103902867     0.0089054001
   -0.0003839277    -0.0065955669     0.0083201493
   -0.0031545859     0.0032616601    -0.0134808022
   -0.0076408648     0.0058511714     0.0061836337
   -0.0052519506     0.0053443286    -0.0116942354
   -0.0109840460    -0.0043879763    -0.0048059363
    0.0110538337    -0.0034128941    -0.0072913183
   -0.0008362721    -0.0138143023     0.0016238591
   -0.0086988496    -0.0046200744     0.0005814193
    0.0091213218    -0.0040115889    -0.0113905631
    0.0131600034    -0.0024582901    -0.0007395332
    0.0036653413     0.0036474006    -0.0118941408
   -0.0053812513    -0.0078877140     0.0047227129
   -0.0077101004     0.0093289662     0.0045724633
    0.0023621123     0.0036118721     0.0123416530
    0.0129827562     0.0039806095     0.0001860148
   -0.0015038053    -0.0038191501    -0.0118279357
   -0.0082887541     0.0020601184     0.0042204343
   -0.0042538848    -0.0015266780     0.0079302363
    0.0041853262     0.0093797406    -0.0088308206
   -0.0032904224     0.0005970822    -0.0121537817
    0.0030181770     0.0115759681     0.0071369496
    0.0035666196    -0.0050858720    -0.0093641312
   -0.0004815391     0.0030852087    -0.0128878564
   -0.0065927727    -0.0043462196     0.0051716839
   -0.0017978942    -0.0021719721     0.0089743134
    0.0116082063    -0.0023326443    -0.0059313428
   -0.0075910771     0.0037860715     0.0050374740
   -0.0099679908    -0.0026000702    -0.0007547344
    0.0097148921    -0.0068197980     0.0092597364
   -0.0057975356     0.0008545133     0.0075602963
    0.0003766091    -0.0081855622     0.0090154959
    0.0041936229    -0.0114264258     0.0061702624
    0.0102823279     0.0028604077     0.0083183746
   -0.0077943008     0.0038022284     0.0044477177
   -0.0011844379    -0.0106506679     0.0074040628
   -0.0068799667    -0.0056834113     0.0038712162
   -0.0004385283    -0.0070287651     0.0089605118
    0.0049139181    -0.0009229075     0.0115222974
    0.0027655860    -0.0097542203    -0.0081617324
   -0.0074563551     0.0009455778    -0.0103884463
    0.0077144821    -0.0117540716     0.0023811931
   -0.0094885346    -0.0063570715    -0.0052657360
    0.0021894859     0.0017417986    -0.0127799029
   -0.0101907185    -0.0002104524    -0.0052781392
   -0.0022508326    -0.0011175716     0.0094573583
   -0.0037149820    -0.0130881104     0.0034235276
   -0.0046435230    -0.0016296995     0.0077160331
    0.0082257364    -0.0095358765    -0.0057623834
   -0.0011648984     0.0114736987     0.0049995135
   -0.0013012744    -0.0028562019     0.0088183913
    0.0090990109    -0.0032682851    -0.0103783663
    0.0042408817     0.0121280396     0.0058104450
   -0.0043812368     0.0092395405     0.0072657431
   -0.0059816513     0.0039022156    -0.0106082302
    0.0053233831     0.0002998717     0.0113740812
   -0.0091024674    -0.0032837389     0.0018746443
   -0.0056076658    -0.0080455683    -0.0087274547
   -0.0109703225     0.0057097749    -0.0030247682
    0.0077479251     0.0124985301     0.0014526353
    0.0129643274    -0.0053241552     0.0014664104
    0.0007506161     0.0124161413    -0.0022796622
    0.0028066635    -0.0060064003     0.0115046963
    0.0021065657    -0.0134031188    -0.0022879226
   -0.0100934329    -0.0020938828    -0.0002519458
   -0.0004595886    -0.0045128032     0.0100745738
   -0.0014088282     0.0077173065     0.0101396918
    0.0021467928     0.0113134274     0.0071883961
    0.0041151476     0.0082911037    -0.0088884084
   -0.0039661484     0.0024351027     0.0097175859
   -0.0000994630    -0.0062716854     0.0090074983
   -0.0025891313     0.0037729734     0.0119917775
    0.0043900351     0.0028501320     0.0117289216
   -0.0001086108    -0.0045843258     0.0078624042
    0.0020655889     0.0047020004     0.0121736270
   -0.0045589546     0.0103106938     0.0052262543
    0.0019850833     0.0030603757    -0.0124476339
   -0.0019011901     0.0055641083     0.0128048680
   -0.0098911413    -0.0022863342    -0.0072720544
   -0.0091977144    -0.0090750142    -0.0017902669
    0.0070167841     0.0053865076    -0.0095959095
    0.0005209379     0.0096929156     0.0094501075
   -0.0095605964     0.0047084983    -0.0020862208
   -0.0085448919    -0.0052767531    -0.0004629552
   -0.0072242872    -0.0009563329     0.0056530435
   -0.0035863425     0.0071021929    -0.0104633819
   -0.0063658568     0.0089583447    -0.0071525336
   -0.0004372603     0.0086617895     0.0117852999
    0.0035042502    -0.0141044422    -0.0020222175
   -0.0059855497     0.0006046333     0.0072571499
   -0.0094925364    -0.0101788909    -0.0005499442
   -0.0005841866     0.0053020327    -0.0119182141
   -0.0000455084     0.0075174851     0.0117855327
    0.0109751682    -0.0090897080     0.0044581820
    0.0125139332    -0.0082481267     0.0055821491
   -0.0003464653    -0.0012748558    -0.0122647396
   -0.0036125793     0.0118037095     0.0020228532
   -0.0036702237    -0.0040930209     0.0079972827
   -0.0062515792     0.0011896303    -0.0107383097
    0.0084685321    -0.0093350174     0.0070333183
    0.0051399005     0.0120962723    -0.0057321053
    0.0092786658     0.0082720607     0.0046290545
    0.0001961703    -0.0069044094    -0.0125257128
    0.0114794914    -0.0064620791     0.0061191877
   -0.0095664018     0.0040796909    -0.0013176783
   -0.0075815862    -0.0010192693    -0.0095139437
   -0.0019796901    -0.0047035462    -0.0116046664
    0.0066247974     0.0100920499     0.0056412267
   -0.0046620756    -0.0033478434    -0.0109500938
    0.0072937570    -0.0104616818    -0.0052224023
   -0.0090067103    -0.0093756919     0.0002708601
   -0.0014366363    -0.0000642697     0.0108413547
    0.0002179116    -0.0047456159     0.0078074792
    0.0001106020     0.0119012484     0.0044707409
   -0.0039779540     0.0110656728     0.0037069946
   -0.0001165847    -0.0041152658     0.0088909553
   -0.0111121695     0.0075250810     0.0027832841
   -0.0113233798     0.0079622418     0.0014266494
   -0.0014556739     0.0049613639     0.0127500185
   -0.0095920587    -0.0035785687    -0.0015300395
   -0.0024914575    -0.0041255349    -0.0115684605
   -0.0082939519     0.0100512148    -0.0017473910
    0.0077429209    -0.0080307807    -0.0076160140
    0.0093543213     0.0026958417     0.0086916182
   -0.0065124238    -0.0106458271     0.0038537905
