    0.0978054610
    0.1247021359
    0.1008333978
    0.1109315920
    0.0926222246
    0.1095445449
    0.0961118992
    0.0800704557
    0.0974778195
    0.0951501023
    0.0860622950
    0.1082674930
    0.0943430656
    0.0824398379
    0.0901468501
    0.0953446279
    0.0911096430
    0.0942932162
    0.0948814497
    0.0936578189
    0.1066531633
    0.1075249137
    0.0992151287
    0.0925119134
    0.1021600912
    0.0889038412
    0.0941890709
    0.1076292721
    0.1031371540
    0.0908876885
    0.0928465952
    0.0873268960
    0.1171371619
    0.1183109970
    0.1188457939
    0.1050973577
    0.0914066162
    0.1095808877
    0.0934684622
    0.1117034958
    0.1040201577
    0.0936481965
    0.0915925818
    0.0782348510
    0.0842261296
    0.1114179339
    0.0933209110
    0.1107063788
    0.1124795361
    0.1016602842
    0.0948415527
    0.1052940697
    0.1312346557
    0.0983983553
    0.0815695548
    0.0805888393
    0.0998275467
    0.0946960873
    0.1069264340
    0.0990929473
    0.1013534210
    0.1109352227
    0.0914019246
    0.1079831051
    0.0978151059
    0.0933677885
    0.1099944775
    0.0967860458
    0.0984333306
    0.0944407566
    0.0921651885
    0.0867546010
    0.0968183304
    0.0868557588
    0.1013384127
    0.1070297823
    0.0961679817
    0.0916034718
    0.0997709307
    0.1166449337
    0.1068563424
    0.0883487044
    0.0936161031
    0.1187038714
    0.1166203124
    0.1053562903
    0.0797960352
    0.1224432966
    0.1073728685
    0.0931240372
    0.0967636395
    0.0830241495
    0.0775087527
    0.0882219301
    0.0948779221
    0.0886163439
    0.0811623238
    0.1158274260
    0.0803066759
    0.0988510432
    0.0893523356
    0.0913898519
    0.0905079974
    0.1080924498
    0.0941529066
    0.1181560272
    0.0943872174
    0.0964386579
    0.1124323910
    0.1033895044
    0.1134022495
    0.0889859545
    0.1051789093
    0.0900025619
    0.1128282057
    0.1191766497
    0.0910270191
    0.1010465366
    0.0947238437
    0.0892573347
    0.1035669491
    0.0997190279
    0.1221489663
    0.1018379049
    0.0925324425
    0.0896231101
    0.1012060533
    0.0929142117
    0.1084913184
    0.1126581027
    0.1056864465
    0.1306606540
    0.1122487460
    0.1020081748
    0.0842051593
    0.0927068590
    0.0882953705
    0.0935364207
    0.0873730821
    0.0795336910
    0.1198128592
    0.1227686333
    0.1032098831
    0.1006137118
    0.0904171344
    0.1062063362
    0.0937127743
    0.0839230884
    0.0920394187
    0.1207217214
    0.0910165931
    0.0899224952
    0.1026895638
    0.0950621602
    0.0801677229
    0.0891126667
    0.0972261932
    0.1018749477
    0.0894334802
    0.1143516955
    0.1026185437
    0.0916919602
    0.1064895258
    0.1166133852
    0.0785899154
    0.1112497228
    0.1232315901
    0.0941018158
    0.0920210664
    0.1026504852
    0.1040330915
    0.0926369531
    0.0931879665
    0.0905056569
    0.0893732713
    0.0905033690
    0.1006956545
    0.0764619424
    0.1075359630
    0.0977414326
    0.0966832967
    0.0832556052
    0.1094651918
    0.1086585997
    0.1004377170
    0.0924851172
    0.0827539014
    0.0954620260
    0.0947345459
    0.1235539209
    0.0950342273
    0.1030990722
    0.0948404646
    0.1021619461
    0.0927426914
    0.0915424148
    0.0928716755
    0.1191180118
    0.1108560860
    0.0949546692
    0.1145427383
    0.1120279134
    0.1013924340
    0.1135422975
    0.0910488109
    0.0995384435
    0.0769269095
    0.1039163140
    0.0993211669
    0.1261432400
    0.0943119057
    0.0759435890
    0.0802626037
    0.1116192681
    0.1184674998
    0.0876266377
    0.1056575225
    0.0982807849
    0.0937475494
    0.1030899960
    0.0993656001
    0.0959677944
    0.1103442467
    0.1167138216
    0.0936567497
    0.0877318549
    0.0891702978
    0.1110046627
    0.0893766582
    0.1089763400
    0.0955404851
    0.1018436285
    0.0928688182
    0.0949729254
    0.1078034246
    0.0930657433
    0.0946092183
    0.1122328292
    0.1094286536
    0.0808313069
    0.0861385912
    0.0981493997
    0.0898228756
    0.0837536157
    0.1206218720
    0.1174327031
    0.0981343822
    0.0966400059
    0.1074558443
    0.0979339154
    0.0981444483
    0.0983390657
    0.1087791065
    0.1206903001
    0.1006564849
    0.0910959636
    0.1274291955
    0.1018969570
    0.1028175574
    0.0895766680
    0.0802770798
    0.0985497544
    0.0926226417
    0.0891472260
    0.0968728420
    0.1068072385
    0.1201759336
    0.0983544894
    0.0951624308
    0.0974223388
    0.1040900055
    0.1108511584
    0.0876200174
    0.1118769106
    0.1131876371
    0.1024587910
    0.0987729465
    0.0840934355
    0.1061066947
    0.1019472317
    0.0932306590
    0.0961601407
    0.0898086426
    0.0945880781
    0.0984372331
    0.1132724352
    0.0960395037
    0.0984352652
    0.0880387947
    0.0866186282
    0.1066662469
    0.0883480136
    0.1047665499
    0.1158729476
    0.1117298391
    0.0933953260
    0.0906854521
    0.0966801323
    0.1041198866
    0.0949219694
    0.1040647731
    0.1205105854
    0.1065144376
    0.0929464568
    0.1036568608
    0.0988901376
    0.1042326061
    0.0873679965
    0.1029971822
    0.0859515954
    0.0815293763
    0.0939491936
    0.1247976847
    0.1084992527
    0.0819106394
    0.0966816588
    0.0879365245
    0.0910754050
    0.0967061151
    0.0918599186
    0.0872681555
    0.0792279254
    0.0938069163
    0.1117125320
    0.1105529626
    0.1051124470
    0.0917018488
    0.0875864895
    0.1039887156
    0.1068975605
    0.0902635871
    0.1110458217
    0.0962539875
    0.1029641214
    0.0984035100
    0.1079451807
    0.0928852270
    0.0967572250
    0.1077392003
    0.1112426150
    0.1121346328
    0.1013514974
    0.0884844927
    0.0884924550
    0.0988046361
    0.1049697567
    0.1167999118
    0.0974342281
    0.0951634819
    0.0858901888
    0.1035085127
    0.0754113599
    0.1014928177
    0.1023747240
    0.0897081413
    0.1157461607
    0.1099068672
    0.0905179184
    0.0904846300
    0.1050907128
    0.1154801127
    0.1344189075
    0.0918821486
    0.1025905264
    0.1014387487
    0.0941940205
    0.0929055247
    0.0982793262
    0.0871556885
    0.0892309427
    0.1009996607
    0.1031712256
    0.1159491659
    0.0952233949
    0.1129869050
    0.1073207778
    0.0946241011
    0.0774874597
    0.0948100163
    0.1186123896
    0.0938327775
    0.1035995214
    0.0919572104
    0.0932682150
    0.0870480234
    0.1179253559
    0.0905857339
    0.0814397040
    0.1097870054
    0.1024336118
    0.0945940589
    0.1248167876
    0.0917033837
    0.1050281335
    0.1155742352
    0.1259988404
    0.0907693480
    0.1063846478
    0.1073868363
    0.0985353015
    0.0887016788
    0.0946610664
    0.0908948301
    0.1126567557
    0.0755739238
    0.1315602617
    0.0919815639
    0.0979065767
    0.0947412469
    0.0979804418
    0.0934865958
    0.0905755857
    0.1023249087
    0.1005437398
    0.1045428865
    0.0969841268
    0.0904564323
    0.1047419609
    0.1060946712
    0.1055200480
    0.1019213798
    0.1076645454
    0.1020355161
    0.0868390825
    0.0972665070
    0.1080508202
    0.0932294503
    0.1020513375
    0.0952948067
    0.0994290599
    0.0977654303
    0.0994616807
    0.0970634952
    0.0972551978
    0.0924186817
    0.1220883771
    0.0976984218
    0.1054251726
    0.1130250510
    0.1182118224
    0.0970087104
    0.1161868020
    0.1135738468
    0.1024327283
    0.1128323849
    0.0859054570
    0.1230877240
    0.0974654390
    0.0992572062
    0.0886609762
    0.1039690922
    0.0878542605
    0.1031945679
    0.1030148755
    0.0973743366
    0.0978291316
    0.0922065207
    0.0957898450
    0.0985885547
    0.1079331714
    0.1143927554
    0.0932803104
    0.0938396141
    0.1211519172
    0.0767588141
    0.0832962100
    0.1184630315
    0.0930505950
    0.1219966241
    0.0926189462
    0.0974129954
    0.1193734210
    0.0798583407
    0.1000582734
    0.1060815947
    0.0832143171
    0.1284237353
    0.0893064990
    0.0856496329
    0.0887364285
    0.0928370967
    0.1082500179
    0.0942388864
    0.0965406115
    0.0936901056
    0.1029462574
    0.1011186375
    0.0810064275
    0.0996644391
    0.0860932353
    0.0938620452
    0.1230510330
    0.1070404817
    0.1087116338
    0.0909370068
    0.1121575875
    0.1003918075
    0.0821768166
    0.1112303224
    0.0980355205
    0.0903556893
    0.0751072764
    0.1040762200
    0.1011929661
    0.1016628541
    0.1041332721
    0.1012941807
    0.1041799540
    0.0973487468
    0.1118413944
    0.1160735651
    0.0974081515
    0.0989266268
    0.1059376489
    0.0886240794
    0.0911853130
    0.1070393566
    0.1035560234
    0.0957329066
    0.0922318105
    0.0906216409
    0.1127678599
    0.0973027820
    0.0931490352
    0.0963875838
    0.0879812211
    0.0900235895
    0.0994438415
    0.0951232977
    0.1072499339
    0.0873590145
    0.0955459094
    0.1257991356
    0.1085706211
    0.1065479447
    0.0768081201
    0.0952579352
    0.0928562475
    0.1091493707
    0.0834331221
    0.0978917336
    0.1138935821
    0.0934940617
    0.0974192671
    0.0923384687
    0.1112898505
    0.0920827853
    0.0976221235
    0.0918622049
    0.0843196112
    0.1100633989
    0.0917359357
    0.0770517648
    0.0935824452
    0.0901233633
    0.0996528144
    0.0759662225
    0.1024962085
    0.0978566774
    0.1098674797
    0.0964428301
    0.0969548699
    0.1082011101
    0.0930247052
    0.1071034270
    0.1114627508
    0.1028529425
    0.0787630033
    0.0965942015
    0.0944526634
    0.0867214448
    0.0899977893
    0.0941616293
    0.1051107133
    0.1323025300
    0.1089171181
    0.0981448668
    0.0937804482
    0.1000217477
    0.0894501547
    0.0960044883
    0.0941337385
    0.0956027451
    0.1107901418
    0.0950013067
    0.0953365752
    0.1161278788
    0.1183876197
    0.0792029712
    0.0985504263
    0.0900617048
    0.0914621637
    0.0923917120
    0.0972708273
    0.1018202339
    0.1123895717
    0.1147836486
    0.0995939447
    0.0941798960
    0.0901203019
    0.1044157882
    0.1230954848
    0.0919428816
    0.1047824213
    0.0940423707
    0.1278603317
    0.0952040181
    0.1176978286
    0.1053755634
    0.1062081689
    0.0954912011
    0.1167651312
    0.0890004569
    0.1049883531
    0.1211753665
    0.1122281696
    0.0916532930
    0.0922575406
    0.1212811041
    0.0966246423
    0.0934874859
    0.1047563370
    0.0979778984
    0.1060578197
    0.1017911654
    0.0998133517
    0.1051500379
    0.0828057622
    0.0906725855
    0.1007867930
    0.1081554071
    0.1156122454
    0.0866526367
    0.1061772890
    0.1038945967
    0.1024839043
    0.0992659583
    0.1092393925
    0.0900250033
    0.0946232886
    0.1276868996
    0.1217131781
    0.1029954002
    0.0801168488
    0.0940718149
    0.1032770945
    0.0751218981
    0.0892928215
    0.0919801829
    0.0992205986
    0.1013785399
    0.1023780277
    0.0970390670
    0.1087371146
    0.1132145437
    0.1059060775
    0.1136149926
    0.1026101265
    0.0921207756
    0.0915241766
    0.0904876003
    0.1007971166
    0.1014144836
    0.0971704918
    0.1198388607
    0.0992298518
    0.0925679042
    0.1192955372
    0.0877763988
    0.0782384633
    0.0834076465
    0.1033324130
    0.0942202240
    0.0962960270
    0.1026687006
    0.1093336324
    0.0941970490
    0.1092782566
    0.1193242984
    0.0834621477
    0.1011785326
    0.0888872964
    0.0825103760
    0.1034867270
    0.0891153958
    0.0881037742
    0.1068232568
    0.0920560508
    0.1109347131
    0.0880745239
    0.0901802719
    0.0915580134
    0.1097020615
    0.0937846098
    0.1055561991
    0.0810403890
    0.1130809068
    0.0977043344
    0.1229662019
    0.1027370376
    0.1111125512
    0.1024659440
    0.0874736850
    0.1102356388
    0.0974918614
    0.0923055627
    0.0925418309
    0.1139388655
    0.1128509848
    0.1153556039
    0.1036073781
    0.0918130061
    0.0986379674
    0.0886453864
    0.0902186425
    0.1150075596
    0.1155330624
    0.1180609938
    0.1174860463
    0.0932003852
    0.0945350738
    0.1167448610
    0.1039222328
    0.1153488373
    0.0893993165
    0.0869728980
    0.0866511712
    0.0986454393
    0.0922592420
    0.0894847222
    0.1141528358
    0.1063954493
    0.1134883364
    0.0944123346
    0.1051270291
    0.1166017796
    0.0882883767
    0.1124995145
    0.1040523762
    0.1302480217
    0.0846153284
    0.0905820721
    0.1011711279
    0.1091186615
    0.1040548741
    0.0906305948
    0.0946930567
    0.1084312623
    0.0965899799
    0.1107463690
    0.1035695561
    0.1069841189
    0.0897736535
    0.0896551869
    0.0921891608
    0.1126713024
    0.1179242531
    0.1075470955
    0.0915090234
    0.0972655016
    0.1105719067
    0.1050965764
    0.0854303676
    0.0927618297
    0.1157601254
    0.1023681112
    0.0916126884
    0.1035595918
    0.1044771060
    0.1017998178
    0.0915271804
    0.1257856853
    0.1035028250
    0.1106892459
    0.0792030797
    0.0959670997
    0.0937678369
    0.0921115260
    0.1135064280
    0.1000860066
    0.0984071294
    0.0805620363
    0.0805183268
    0.0958596144
    0.1180754808
    0.1042269335
    0.1048606597
    0.1024472978
    0.0978404443
    0.1041959593
    0.1079204009
    0.1260696616
    0.0954423699
    0.0945166108
    0.1008103516
    0.0940958848
    0.1169343380
    0.0893295032
    0.0906422155
    0.1031565334
    0.1094340757
    0.0979214587
    0.0753290609
    0.0832075357
    0.0980403027
    0.1108272727
    0.1066268531
    0.1086158308
    0.0931380261
    0.1113121849
    0.0975860249
    0.1078591556
    0.0952591629
    0.0991968657
    0.0880065336
    0.0960604715
    0.0947051030
    0.1144179981
    0.1134992342
    0.0942955793
    0.1103530309
    0.1080614641
    0.1052443540
    0.1042778913
    0.1280130566
    0.1019231385
    0.0971920475
    0.1021965968
    0.0892552211
    0.0935136594
    0.1052256935
    0.0994164539
    0.0997515318
    0.0898879293
    0.1109899369
    0.1103458878
    0.0877949544
    0.1093032807
    0.1038471696
    0.1056523246
    0.1224073829
    0.1231706173
    0.0917234606
    0.0935105928
    0.0890553633
    0.0863623020
    0.0835354809
    0.1082815338
    0.0965896035
    0.1063835145
    0.1159629902
    0.0946015158
    0.0873364925
    0.1013829301
    0.1015596210
    0.0924507617
    0.0964840198
    0.0927167587
    0.1189356645
    0.0901397611
    0.0973008253
    0.1018939533
    0.0920194383
    0.0968061263
    0.1033860932
    0.0871591572
    0.0988330400
    0.0823329361
    0.1148823549
    0.0969066776
    0.0918454285
    0.1032002368
    0.1232609312
    0.0938856985
    0.0991864611
    0.0907506271
    0.1090066971
    0.0907836465
    0.1128676028
    0.0994731392
    0.0981536573
    0.1248284820
    0.0966319064
    0.0973450953
    0.0918865689
    0.1067086281
    0.1088014924
    0.1169473755
    0.0922203174
    0.0999140612
    0.0914613019
    0.0915593606
    0.0888806397
    0.0771570270
    0.1016947299
    0.1072759778
    0.0846177728
    0.1110880004
    0.1197419894
    0.1193033094
    0.1024560932
    0.1039060274
    0.0928758466
    0.1096189615
    0.0967516618
    0.1041107219
    0.1274945788
    0.0934346079
    0.1011869602
    0.1037170307
    0.1175272337
    0.0905622644
    0.0949409230
    0.1046646796
    0.1142720741
    0.1109351799
    0.0996261498
    0.0813272647
    0.1009411131
    0.0820204490
    0.0989503880
    0.1005222107
    0.0960995854
    0.1039573743
    0.1037244441
    0.1023223413
    0.0918723298
    0.1175072066
    0.0980080612
    0.1012485331
    0.1224254845
    0.0804931363
    0.1089003179
    0.0965908115
    0.0796877928
    0.0932871654
    0.1128891770
    0.1127848245
    0.0979545853
    0.1023224801
    0.0952731081
    0.1071356946
    0.0945143951
    0.1040056204
    0.0921675143
    0.1173132511
    0.0958368191
    0.0886252853
    0.1043598086
    0.1260684409
    0.0867757800
    0.0885426119
    0.1019437950
    0.0840169154
    0.0904222752
    0.0851968069
    0.1124319268
    0.0986585224
    0.0964763932
    0.0914444605
    0.1076838362
    0.1089050930
    0.0949430935
    0.0818550322
    0.0980013598
    0.0796547079
    0.1091778549
    0.0936294415
    0.0853909030
    0.1131236628
    0.0969435647
    0.1000872122
    0.0918815984
    0.0948829199
    0.0888860003
    0.1059957360
    0.0967242108
    0.0936907744
    0.0996609099
    0.0820730562
    0.1154603749
    0.0923851243
    0.1005275147
    0.1009125372
    0.0998483276
    0.0945044159
    0.1062041575
    0.1106857802
    0.1071695860
    0.0912091698
    0.1118795426
    0.0827913937
    0.0939736473
    0.0932820964
    0.0891883115
    0.0881695048
    0.1133232415
    0.0953080899
    0.0929982795
    0.0936777592
