    0.0000527116     0.0009969377     0.0140071979
    0.0181198073    -0.0027712149     0.0049874132
    0.0061065498     0.0086070049     0.0152246135
   -0.0107860531    -0.0046151729    -0.0127580761
   -0.0057804939    -0.0119538031    -0.0123139481
   -0.0036620161    -0.0097686806    -0.0145259008
   -0.0082413165     0.0064395578     0.0102551108
    0.0165992894    -0.0121244768     0.0052343990
   -0.0064338033     0.0056512082     0.0121285051
   -0.0079428380    -0.0190527487    -0.0036253362
   -0.0090655202    -0.0187620196    -0.0015265513
    0.0144742132    -0.0110371954     0.0101475542
   -0.0026983394     0.0041615652    -0.0173143462
   -0.0030207924     0.0031395525    -0.0173543895
    0.0084724552     0.0142949498    -0.0072744982
   -0.0078267649     0.0084893351    -0.0136863671
   -0.0092153947     0.0088929247     0.0091272005
    0.0104061421     0.0048252441    -0.0139308308
    0.0085035772     0.0028862504    -0.0153136342
    0.0186995817    -0.0037584294     0.0007152395
   -0.0130505240    -0.0045476819    -0.0044514033
   -0.0018719183     0.0120213863    -0.0133146481
   -0.0120751359     0.0079625861    -0.0100124243
    0.0036155215     0.0122433808    -0.0123020712
    0.0055324480     0.0101931772     0.0145465529
   -0.0009197715     0.0021055300     0.0175993480
    0.0063944522     0.0113326669    -0.0128476850
    0.0035136305     0.0055935193    -0.0161235546
   -0.0033481620    -0.0114883611    -0.0135833834
   -0.0002178899    -0.0069659591     0.0116058592
   -0.0145882566    -0.0011402384    -0.0034005810
   -0.0144077467     0.0021984476    -0.0034713768
    0.0142610126    -0.0135913502    -0.0061495118
    0.0047411154     0.0161174207     0.0080413241
    0.0128079637     0.0089581839    -0.0094139037
    0.0177801636    -0.0050235429     0.0054450479
    0.0080414733    -0.0185886083     0.0021187742
   -0.0072205257    -0.0195587390    -0.0020113713
   -0.0068437896     0.0118333744    -0.0115836076
    0.0118546765    -0.0171866652     0.0010735797
    0.0154792547    -0.0061067456     0.0094326927
   -0.0095905195    -0.0182768566    -0.0032422172
    0.0145478342    -0.0121829391     0.0088888930
   -0.0057155624    -0.0122978862     0.0056903752
    0.0001209180    -0.0202795847    -0.0021140713
    0.0184399047    -0.0019245316     0.0036644906
   -0.0133047515     0.0030251359    -0.0055586130
   -0.0085577538     0.0095751001    -0.0126613464
   -0.0048863890     0.0113398604    -0.0132778411
   -0.0081504236    -0.0192017332    -0.0000635098
   -0.0062550109     0.0087855683     0.0139565805
   -0.0103018610     0.0131737327     0.0062631471
   -0.0047300528    -0.0090921675     0.0100636333
   -0.0044401584     0.0020773747     0.0132994089
   -0.0144413839    -0.0017481668     0.0022469755
   -0.0080537255     0.0100003613    -0.0128308158
    0.0044513987     0.0171521058     0.0051394695
   -0.0055857406     0.0076699367     0.0147007073
   -0.0011031822     0.0091400263     0.0159360855
    0.0008087508    -0.0090721192     0.0104595326
    0.0180601062    -0.0046208912    -0.0033456743
   -0.0059848164    -0.0199948476    -0.0006962000
   -0.0029977045    -0.0194504714    -0.0064709788
   -0.0144975203    -0.0024025339    -0.0027473924
    0.0157347378    -0.0088709041     0.0076497716
    0.0060604516     0.0166539011     0.0061445142
    0.0004558427     0.0115385450    -0.0136536397
   -0.0147863133    -0.0020905532    -0.0003105831
   -0.0039211783    -0.0159009567    -0.0118597747
   -0.0063672124    -0.0137156434    -0.0104090860
    0.0115292729     0.0114619019    -0.0084684877
   -0.0045688834     0.0132084638    -0.0111140018
   -0.0019199856    -0.0059802916     0.0119336495
   -0.0045261947    -0.0044211472    -0.0159204944
    0.0146055115    -0.0101721445     0.0089828682
   -0.0023495425     0.0027126701     0.0139980235
    0.0173779241    -0.0095232730     0.0013844794
   -0.0122885924     0.0120848341     0.0051307599
    0.0000049419    -0.0069785562    -0.0158410235
   -0.0068018634    -0.0125614997    -0.0111548392
   -0.0028047607     0.0074319252    -0.0164165674
    0.0107337833    -0.0174738266     0.0034883933
   -0.0132722989    -0.0033841105    -0.0052295667
   -0.0103984601     0.0121747298    -0.0084297063
   -0.0003406245    -0.0057413302     0.0118629042
   -0.0011144302     0.0077431348    -0.0163978522
   -0.0056082735     0.0026033553     0.0127810753
   -0.0015630124     0.0032351557    -0.0174977175
   -0.0117547029    -0.0158970744    -0.0056159653
   -0.0089230829     0.0067544053     0.0092412434
    0.0109073126    -0.0169018240     0.0053348834
   -0.0041122226     0.0104858914    -0.0143156546
    0.0033254258     0.0072320000    -0.0156884065
    0.0116609677     0.0053779424    -0.0127146204
   -0.0139940311     0.0006035456    -0.0051807925
   -0.0000162629     0.0068287512    -0.0167105658
   -0.0060949989     0.0135087809    -0.0095324858
   -0.0068294375     0.0049209452     0.0119345808
    0.0015531673     0.0063430209     0.0172129942
   -0.0131606634    -0.0032666567     0.0041443980
    0.0078701653     0.0040864626     0.0155929216
    0.0016013070    -0.0076467343     0.0108649039
    0.0178753313    -0.0068440789    -0.0025740733
   -0.0086351112     0.0081141637    -0.0132825985
    0.0134348219     0.0050697758    -0.0106232431
    0.0059877852     0.0097766328    -0.0141561089
    0.0055265841     0.0082181041    -0.0151327197
   -0.0085257056    -0.0187047848     0.0021965277
   -0.0146877524     0.0095102143     0.0033427721
    0.0035968726     0.0102334153    -0.0135998848
   -0.0128820001     0.0023533956     0.0051316220
    0.0119289206     0.0099427008    -0.0097808820
   -0.0040626143    -0.0203498014     0.0001287711
    0.0029135947     0.0139977744     0.0115778059
   -0.0011236747     0.0075630477     0.0166515141
   -0.0050910052     0.0032525389     0.0131137093
    0.0071172233     0.0157882752     0.0078772570
   -0.0109248102     0.0125640272    -0.0068158846
    0.0107235964     0.0025586256    -0.0138193556
   -0.0139050704     0.0041640183    -0.0027452163
   -0.0036916129     0.0047593014     0.0166591219
    0.0153501433    -0.0112582277    -0.0075355234
    0.0181631407    -0.0108373248     0.0020395496
   -0.0076613556     0.0090751614    -0.0136031286
   -0.0150095840    -0.0000310832     0.0000335302
    0.0082670649     0.0108765836    -0.0123712362
    0.0073704557     0.0146898968    -0.0074599931
   -0.0137598548    -0.0026689653    -0.0047750194
   -0.0139591694     0.0034098567    -0.0037251309
    0.0043442701     0.0077043488    -0.0155135768
   -0.0074025883    -0.0172684313     0.0068415471
    0.0174888561    -0.0114755841     0.0037293839
   -0.0126843954    -0.0159247995    -0.0002558895
   -0.0113888010    -0.0155850684     0.0046992376
   -0.0000346634     0.0101298676     0.0155128042
   -0.0125503334     0.0097747396    -0.0078175515
   -0.0081921858    -0.0184723313    -0.0054128554
    0.0089527326     0.0082946868    -0.0137270399
   -0.0133557042     0.0005084850     0.0049448148
   -0.0009445422    -0.0077653295     0.0114329148
    0.0160434699    -0.0132981687     0.0040724902
   -0.0058738139    -0.0198012567    -0.0034606965
   -0.0018690458     0.0039267738     0.0141964046
   -0.0012619344     0.0003072443     0.0136257465
    0.0112633607    -0.0170316724    -0.0030114632
    0.0185510023    -0.0046528686     0.0020623839
   -0.0042695654     0.0032618732    -0.0170947678
   -0.0081617106     0.0106034569     0.0119587911
    0.0101323673     0.0088494435    -0.0125703465
   -0.0085805648    -0.0084804721    -0.0131789339
   -0.0039055061     0.0059737464     0.0135334987
    0.0058890649     0.0022885651     0.0166393434
   -0.0072826519    -0.0117049930    -0.0116987643
    0.0022020758     0.0010496729     0.0175200995
    0.0114792310    -0.0147973944     0.0088891010
    0.0163578049    -0.0094216023     0.0059095427
   -0.0042300732    -0.0089188589    -0.0148281237
   -0.0144252001     0.0029809409    -0.0024939754
   -0.0005700374    -0.0062135632    -0.0160154282
    0.0177230813    -0.0059034300    -0.0038886023
    0.0042632793     0.0081685312    -0.0146435590
   -0.0035765932    -0.0121225305     0.0075584752
   -0.0106288376    -0.0174131770     0.0020951981
    0.0137581194    -0.0158937496     0.0019444162
   -0.0087453888     0.0111289044    -0.0114804331
   -0.0147933387     0.0017360434    -0.0020890640
    0.0013056040    -0.0198187329    -0.0037589310
    0.0173417589    -0.0119819774    -0.0015168544
    0.0185994796    -0.0102057641     0.0001976679
    0.0042288193     0.0108333553     0.0145808204
   -0.0121908667    -0.0066182182    -0.0106677567
    0.0091865657    -0.0175928972     0.0053963539
    0.0106553143    -0.0162330888     0.0072418588
   -0.0000778795    -0.0177283857    -0.0095665496
    0.0036092537     0.0131781042    -0.0111827196
    0.0083601455     0.0164382808     0.0041779860
   -0.0029081685    -0.0204258173    -0.0022235455
    0.0037422886     0.0147777223     0.0105370778
    0.0050761780     0.0117606255     0.0135019943
   -0.0143833615    -0.0033017857     0.0003491457
   -0.0128201904    -0.0086055992    -0.0082404261
    0.0092288405     0.0114169544    -0.0111764789
    0.0082762453     0.0089227813     0.0137522435
    0.0177513514    -0.0064340130     0.0046168456
    0.0141603813    -0.0089511744     0.0099628883
    0.0092201396     0.0162174657     0.0028254654
    0.0163339881    -0.0131483784    -0.0022240632
    0.0045913868     0.0052012492    -0.0162926940
    0.0133642458    -0.0157265245    -0.0030691764
   -0.0058094674    -0.0072226253    -0.0150477626
    0.0167745267    -0.0098939764     0.0041993623
   -0.0070121825     0.0060792711    -0.0147736774
   -0.0081446701    -0.0122785748    -0.0104513060
    0.0101771214     0.0156960706     0.0024013506
    0.0072529118     0.0128781576     0.0108976835
   -0.0041362523     0.0066261756     0.0135279810
   -0.0008328892    -0.0103269284     0.0098581116
    0.0094775434     0.0133993797    -0.0080508053
    0.0067163619     0.0047156643    -0.0159196144
    0.0048240051     0.0092404603    -0.0147009324
   -0.0011081125     0.0043624896    -0.0173937336
    0.0091858282     0.0098632461    -0.0125908266
   -0.0006068587    -0.0106659550     0.0095790724
   -0.0099209253     0.0127484632     0.0078327208
    0.0089487451     0.0073982736     0.0140188628
    0.0089451794    -0.0146167833     0.0107863000
   -0.0099795527    -0.0124621038    -0.0080697825
   -0.0109749518     0.0107050833    -0.0094152269
   -0.0073852215     0.0066158466    -0.0151371932
   -0.0095473847    -0.0177381901     0.0034984397
   -0.0053838180    -0.0188032015     0.0053984349
   -0.0135810393    -0.0038729883    -0.0040463221
   -0.0147558718    -0.0005123840     0.0016527322
   -0.0052044469     0.0072555141     0.0128313379
   -0.0018969140     0.0045057127     0.0143227089
   -0.0018501204    -0.0176626543    -0.0099138959
    0.0062180584     0.0032955804    -0.0162262432
    0.0174693117    -0.0101668340    -0.0050136972
   -0.0030319965    -0.0109097760     0.0092058165
    0.0182293752    -0.0055498752     0.0033745982
   -0.0145670609    -0.0028684154    -0.0012180112
    0.0081217615     0.0052299018    -0.0152604590
   -0.0059115561    -0.0116183760     0.0066770890
   -0.0056136932    -0.0095780910    -0.0140811445
   -0.0022418171     0.0052866522    -0.0171688463
    0.0093210450     0.0159247030    -0.0011556050
    0.0164538975    -0.0081075685     0.0067745112
    0.0067216104     0.0070393681     0.0155932754
   -0.0114384201     0.0112671063     0.0085989198
   -0.0114493774    -0.0170713987     0.0004209835
    0.0075645558     0.0079854403     0.0147328062
   -0.0026941683     0.0041522706     0.0171210762
    0.0038999160     0.0062039727    -0.0160739597
    0.0013703127     0.0132582294     0.0130318393
   -0.0063571508    -0.0161834825    -0.0107849537
    0.0173827913    -0.0098328700    -0.0001665944
    0.0025965713     0.0063868473    -0.0162681738
   -0.0032285271     0.0135577559    -0.0110856975
   -0.0059030472     0.0128611611    -0.0108470614
    0.0032188482     0.0171903387     0.0050925359
    0.0182358510    -0.0064705702    -0.0007038852
    0.0157564773    -0.0141011937    -0.0006686111
   -0.0082729182    -0.0180600853     0.0045650600
   -0.0030913820     0.0039990512     0.0138830222
   -0.0067157792     0.0030885660     0.0120683372
   -0.0033335444    -0.0106213839    -0.0141103827
   -0.0036042307     0.0142123965    -0.0097493927
   -0.0003651278     0.0022804352     0.0143383697
   -0.0070145394     0.0074089212    -0.0145245361
    0.0050500320     0.0066860791    -0.0158302547
   -0.0093542180    -0.0137554765    -0.0066867589
    0.0042841500     0.0027686827     0.0172251282
   -0.0125571136     0.0099337351     0.0089203776
   -0.0082945326     0.0099540184    -0.0123931830
   -0.0054924047     0.0121357892    -0.0121094573
   -0.0122899305     0.0115019012    -0.0056735648
   -0.0009191684    -0.0084042521    -0.0154395074
    0.0099749659    -0.0173375156    -0.0039439000
   -0.0017375201     0.0014724260     0.0139024137
   -0.0072298188    -0.0114605572     0.0050648995
   -0.0053552954     0.0051647452     0.0128871670
   -0.0057608161     0.0103463476     0.0128685239
   -0.0057589335     0.0044527602     0.0127250971
    0.0057753578     0.0060907280     0.0163165689
    0.0177376825    -0.0106333620     0.0048654953
   -0.0039633770     0.0052998306     0.0135309109
   -0.0110652859     0.0116542491    -0.0081378571
    0.0086687812     0.0165299289     0.0017531713
   -0.0000428339     0.0005712098     0.0137801211
    0.0084984103     0.0161357777    -0.0019603304
   -0.0145670097     0.0015133260     0.0020383149
   -0.0007394275    -0.0166267196    -0.0111429940
   -0.0087496015     0.0092288780    -0.0126184769
    0.0170491363    -0.0102743539     0.0026042133
    0.0118196032    -0.0133672405     0.0103720706
    0.0149212068    -0.0140546068     0.0052793687
    0.0186700524    -0.0028829826    -0.0006297241
   -0.0070810640     0.0110416993     0.0119421077
    0.0010337091     0.0094094334    -0.0152486960
    0.0169825710    -0.0086513209     0.0049263032
    0.0170909047    -0.0083331712    -0.0044178115
    0.0030615964     0.0153501785     0.0095354753
    0.0067032582     0.0128447994    -0.0111311010
   -0.0065017457    -0.0109467897     0.0070190240
   -0.0060537891     0.0114958322     0.0117236846
    0.0124713905    -0.0089127939     0.0118516968
   -0.0061454276     0.0063828511     0.0121988114
    0.0062828643     0.0111206163     0.0134659018
    0.0128770927    -0.0137717549    -0.0076234126
   -0.0141129093     0.0022335844     0.0029730640
   -0.0096341796     0.0117009595    -0.0100160907
    0.0067838382     0.0087577329    -0.0145180941
   -0.0085642877    -0.0047698703    -0.0143461059
   -0.0139383682    -0.0029254502     0.0027938469
   -0.0088952615    -0.0114194884    -0.0107308007
   -0.0069050765    -0.0086645910     0.0088393531
   -0.0038566615     0.0083785921    -0.0157675318
   -0.0105962459    -0.0082360914    -0.0116612934
   -0.0059519476     0.0071406338    -0.0156239266
    0.0135863852     0.0080083236    -0.0088812802
   -0.0129712005     0.0056626626     0.0013939076
    0.0161130109    -0.0137332118     0.0016399148
   -0.0147775074     0.0020220116     0.0004643279
    0.0031267953     0.0057357634     0.0171780413
    0.0174912817    -0.0089972402    -0.0015460439
   -0.0020875790     0.0065995585     0.0167704698
   -0.0033701971     0.0116703598    -0.0134463160
   -0.0125941582     0.0046193860     0.0039300400
   -0.0020708594    -0.0100337042     0.0101321444
   -0.0017276265    -0.0072388214     0.0116423664
   -0.0039622563    -0.0126338090     0.0068967929
   -0.0020177475    -0.0099180803    -0.0147248983
   -0.0111540443     0.0083351327    -0.0109587861
    0.0168602266    -0.0128677586     0.0001301479
   -0.0147148377     0.0009384375    -0.0030608472
   -0.0133237438     0.0102619690     0.0070635755
    0.0083146746     0.0122501541     0.0107250812
   -0.0135543237     0.0050894667     0.0005016727
    0.0048645863     0.0132649334     0.0119995180
   -0.0141225177    -0.0040514478    -0.0005154369
    0.0183183466    -0.0033277367    -0.0026827059
   -0.0128373320     0.0035086100     0.0045409102
   -0.0004706277     0.0123748845    -0.0129002081
    0.0051974762     0.0146488760     0.0097948055
    0.0091215252     0.0156385784    -0.0026877935
    0.0030215231     0.0043241285    -0.0166098274
   -0.0020830403    -0.0107675770    -0.0143225838
   -0.0124804002    -0.0099477173    -0.0072805763
   -0.0045799040    -0.0121760770    -0.0126672469
   -0.0027753685     0.0021055854     0.0138386654
   -0.0040912809    -0.0117721146     0.0078186182
   -0.0009870135    -0.0187272186    -0.0080606299
   -0.0095592898    -0.0119611080    -0.0093988192
   -0.0034807787    -0.0074280206    -0.0155518510
   -0.0071592625    -0.0094495402     0.0079572628
   -0.0071697065     0.0121429267     0.0106646801
   -0.0052746473    -0.0099117810     0.0091594690
   -0.0036213130     0.0077508692     0.0158435042
   -0.0017315029    -0.0085960578     0.0110761477
   -0.0063387471     0.0110542194    -0.0128127626
   -0.0115546955     0.0092886443    -0.0098725263
   -0.0026459739    -0.0067207371     0.0117158294
   -0.0026653867    -0.0120708400     0.0081665295
    0.0055629996     0.0140860552     0.0104440974
   -0.0038688306    -0.0123959914    -0.0129033544
   -0.0087038922     0.0075102015     0.0093754956
    0.0123758970    -0.0167026407    -0.0016715913
    0.0030808673     0.0114606730     0.0143934212
   -0.0061047678    -0.0049758537    -0.0154397924
    0.0127423561     0.0059443589    -0.0113237360
   -0.0141765562    -0.0006565190    -0.0047378777
    0.0068598135     0.0169679911     0.0040492735
    0.0005197543     0.0046867226    -0.0172244355
   -0.0132629525     0.0052571306    -0.0028065812
    0.0096637187     0.0138576395    -0.0066373818
    0.0180847554    -0.0109751042    -0.0006972676
   -0.0140765036    -0.0031557700    -0.0034715945
    0.0128817596     0.0074402216    -0.0104380594
   -0.0074068587     0.0060745879     0.0112356177
    0.0099916299     0.0119408206    -0.0098393467
   -0.0033677966    -0.0103027599     0.0096824927
    0.0076613812     0.0077428075    -0.0146672813
    0.0090186457     0.0129150699    -0.0094406217
    0.0053345568     0.0132604990    -0.0110451316
   -0.0055617135     0.0065691105    -0.0155262711
    0.0067885877     0.0170939268     0.0000205616
   -0.0133142909     0.0040675510     0.0032228926
    0.0167201163    -0.0030994417     0.0081807592
    0.0085376215     0.0161122704     0.0053839186
   -0.0109918507    -0.0170191607    -0.0044485152
   -0.0052991525     0.0091794306     0.0138060408
    0.0024298420     0.0098172333    -0.0145266940
   -0.0068871545    -0.0102214383    -0.0131264586
    0.0172771391    -0.0092335167    -0.0029897398
   -0.0096349259    -0.0183261168     0.0009139358
    0.0113322706    -0.0151398950    -0.0071968739
    0.0138057113    -0.0076021678     0.0108907347
   -0.0139367762     0.0034433810     0.0023895388
   -0.0072838334     0.0082293815     0.0110835921
    0.0042386660     0.0138563882     0.0115358186
   -0.0062928002     0.0062242381    -0.0158086315
   -0.0060672522    -0.0092849574     0.0091104732
    0.0150726472    -0.0095665084     0.0083806348
   -0.0028731617     0.0046490313     0.0139455333
    0.0070897673     0.0024058880    -0.0159484923
    0.0057759866     0.0126507966     0.0122427440
   -0.0020144382    -0.0192088183     0.0053946924
   -0.0104282862    -0.0111012317    -0.0093894630
   -0.0111704455     0.0131520776    -0.0040753476
    0.0044526515     0.0127459772    -0.0117925268
    0.0075920927     0.0150837948    -0.0059002129
   -0.0100716559    -0.0167495221     0.0048571014
   -0.0046036521    -0.0180016674     0.0072210021
    0.0047855475     0.0117833834    -0.0127903677
    0.0069084723     0.0095509174     0.0142691128
   -0.0027962324    -0.0082566636    -0.0153583360
   -0.0073617912    -0.0170485434    -0.0090904404
   -0.0067646511     0.0099141406     0.0130383132
    0.0169614081    -0.0125318220     0.0026484032
    0.0057685374     0.0123156472    -0.0120744807
   -0.0018649911    -0.0116087883     0.0086252129
   -0.0079890000    -0.0178081677    -0.0072677420
    0.0051359811     0.0150793889     0.0100448128
   -0.0014716687    -0.0196193743    -0.0060402050
   -0.0059937027    -0.0175900148     0.0072556898
    0.0014383018     0.0106790142    -0.0141936865
    0.0015866800     0.0024128083     0.0176890821
    0.0010684868     0.0111115034     0.0148848360
   -0.0099162502     0.0127028132    -0.0083471289
    0.0029174867     0.0117779974    -0.0125956181
    0.0027150418     0.0122506767    -0.0119867146
    0.0123669386    -0.0167158977     0.0028840213
   -0.0110203666    -0.0154015593    -0.0077615483
   -0.0080967664     0.0127259742     0.0093971997
    0.0187799706    -0.0095735543    -0.0017567173
    0.0085825211     0.0067419718    -0.0146101667
    0.0017749209     0.0130461310    -0.0113852146
    0.0136254573    -0.0147981050     0.0062338782
    0.0080392904     0.0113781081     0.0119972331
   -0.0101681847    -0.0129276675    -0.0068251294
    0.0121891289    -0.0094731572     0.0122230672
    0.0136112078     0.0065221959    -0.0098096419
    0.0058511025     0.0056873679    -0.0159653225
    0.0042812715     0.0144494730     0.0112004860
    0.0053534997     0.0149552853    -0.0080300370
    0.0084988452    -0.0161424998     0.0089601120
   -0.0117772065     0.0102281496    -0.0087226936
    0.0184434942    -0.0101938327     0.0030982389
   -0.0051758812    -0.0057813849    -0.0156018673
    0.0026295435     0.0033001581     0.0175730144
    0.0015735240     0.0126650263     0.0135511507
    0.0091647356     0.0162312468     0.0003392495
    0.0022385203     0.0089074758     0.0161745824
   -0.0131325781    -0.0151503924     0.0010500911
   -0.0097159777    -0.0090932651    -0.0119530942
   -0.0137771020    -0.0014296882    -0.0053867320
   -0.0110635711    -0.0125348631    -0.0055064652
    0.0036967624     0.0042137135     0.0173092828
    0.0026636036     0.0110640167    -0.0133581987
   -0.0087817656    -0.0170001802     0.0060269744
   -0.0044467242     0.0072157411    -0.0161473046
   -0.0087310907    -0.0141132647    -0.0072264357
   -0.0071705152    -0.0190791362     0.0030837547
    0.0103801401    -0.0139851397     0.0107188826
   -0.0080434258     0.0115927553    -0.0107950715
    0.0040300230     0.0123854398     0.0133092096
   -0.0091610021     0.0136675199     0.0065233997
   -0.0122073893     0.0124347711     0.0034773576
   -0.0063837956    -0.0100978212     0.0081363435
   -0.0103448290     0.0130969301    -0.0068421369
    0.0057458559     0.0156446026     0.0088014613
   -0.0014461767     0.0035530777     0.0174910812
   -0.0070410165    -0.0041935100    -0.0151528315
   -0.0032697408    -0.0185343739     0.0066602416
   -0.0106277479    -0.0096830462    -0.0105952707
   -0.0019631706     0.0138935143    -0.0107701860
    0.0174161188    -0.0100473038    -0.0014927634
   -0.0128703172     0.0118693811     0.0026785108
    0.0078784086     0.0167828918     0.0030167981
   -0.0045259583    -0.0185754863    -0.0080170592
   -0.0133998452     0.0045476831    -0.0037902116
   -0.0008738363     0.0008090149     0.0138033795
    0.0004214796    -0.0062117529     0.0116254018
   -0.0125349625     0.0062305372    -0.0026389640
    0.0124871604    -0.0161641660     0.0048624422
    0.0028865286     0.0082779220    -0.0151412864
   -0.0111750822     0.0128823842    -0.0053118216
   -0.0079954937    -0.0108379736    -0.0119938288
    0.0118250892     0.0119656030    -0.0069885879
   -0.0078118663     0.0095268997     0.0130189627
   -0.0003268600    -0.0198912002    -0.0048072623
    0.0095589171     0.0142918840    -0.0052705856
   -0.0120580982    -0.0163219388    -0.0034937305
   -0.0070334380     0.0075436331     0.0112725818
   -0.0112025518    -0.0164903844     0.0033831796
   -0.0080555916    -0.0110156593     0.0040799764
   -0.0058734665    -0.0128540588     0.0048266988
   -0.0013692598    -0.0076054023    -0.0156846467
    0.0020561098     0.0047916314     0.0175033881
   -0.0142271395    -0.0009722262     0.0032028837
   -0.0018504420     0.0050586399     0.0172124270
    0.0020588958     0.0085327077    -0.0154947070
   -0.0036508827    -0.0062158131     0.0116255955
    0.0071629200     0.0103264415    -0.0133752668
   -0.0072235944    -0.0102719019     0.0070028627
   -0.0027605628    -0.0060033989    -0.0159947886
   -0.0072406405     0.0072749156    -0.0149072047
   -0.0136926169     0.0018377975    -0.0054622495
   -0.0013700616     0.0020339616     0.0140472055
    0.0033177651     0.0097660156    -0.0143543566
   -0.0046475346    -0.0123605873     0.0065850540
    0.0037601212     0.0087342862    -0.0150187374
    0.0000028711     0.0029700934     0.0176970149
    0.0110644018     0.0078489270    -0.0123329303
   -0.0026522162    -0.0186137542    -0.0083499682
    0.0072785049     0.0165817920     0.0053100450
   -0.0067533976    -0.0134135513    -0.0102823350
    0.0007636148     0.0127186671    -0.0122396144
    0.0105157759     0.0124448050    -0.0084192688
    0.0172733218    -0.0091267319     0.0031043081
   -0.0071514372     0.0125359534    -0.0102973635
   -0.0052527704     0.0051668707    -0.0165198958
   -0.0079590283    -0.0096026443     0.0067153439
    0.0175645362    -0.0078186255     0.0038144015
   -0.0098543228     0.0101842898    -0.0111490821
   -0.0010145050     0.0031358994     0.0143116930
   -0.0129376381     0.0111472985     0.0061076615
    0.0000074010     0.0102959000    -0.0148056661
    0.0005347771     0.0081174701    -0.0160844506
    0.0108860566    -0.0162842769    -0.0055819355
   -0.0062281106     0.0037558295     0.0124509393
    0.0053098509     0.0107890743    -0.0135795269
   -0.0131366491     0.0002755368    -0.0067305474
    0.0176408529    -0.0036251926     0.0062524975
    0.0167935977    -0.0103233450     0.0076574164
   -0.0137743243    -0.0021565670     0.0037172363
    0.0139006523    -0.0153863750     0.0040537964
    0.0033854765     0.0089737408    -0.0146683311
    0.0176750746    -0.0086794550     0.0000983680
   -0.0015649049     0.0099268175    -0.0151481840
    0.0073303123    -0.0182282507     0.0049085419
   -0.0018952831     0.0022109876    -0.0174905680
    0.0024958261     0.0030979594    -0.0169278770
   -0.0128416938     0.0061039154     0.0002111821
   -0.0031542925     0.0022444840    -0.0173479266
    0.0142848745    -0.0134523132     0.0075816414
    0.0090335730     0.0042905037    -0.0149329516
   -0.0110631223    -0.0120899522    -0.0066865671
    0.0045898219     0.0145152979    -0.0091214656
   -0.0020940510    -0.0046749946    -0.0162028362
    0.0185139206    -0.0042115947    -0.0013774458
   -0.0064371022    -0.0185511622    -0.0070324268
    0.0053742573     0.0042297482    -0.0163429241
    0.0041820303     0.0066917842     0.0166887033
   -0.0049277890     0.0061341591    -0.0163787603
   -0.0033670656     0.0062437810    -0.0167541470
   -0.0135365422     0.0017052136     0.0044024314
   -0.0087725051     0.0132351684     0.0079903284
    0.0020895868     0.0051037443    -0.0167949739
   -0.0109146741    -0.0174937495    -0.0024857264
   -0.0059745307    -0.0177705097    -0.0088070241
   -0.0038432551    -0.0192915286     0.0049460699
   -0.0132157852    -0.0047494980     0.0023836012
   -0.0005779165     0.0055686749    -0.0171405059
   -0.0147187467     0.0025153406    -0.0010741708
    0.0039381097     0.0068824611    -0.0154669062
   -0.0134311998     0.0010492516    -0.0061643688
    0.0163596134    -0.0105511473     0.0051837636
   -0.0137020498     0.0048755120    -0.0017368095
   -0.0077283773    -0.0142982517    -0.0087084420
    0.0124309225     0.0044912164    -0.0120627103
   -0.0016990401     0.0064892959    -0.0168742616
   -0.0056815046    -0.0107463080     0.0080562610
   -0.0042207156     0.0046136647     0.0134776903
   -0.0077724825    -0.0104597073     0.0058744120
   -0.0020251969    -0.0112443927     0.0090053582
   -0.0125514256     0.0064813336    -0.0008163179
    0.0047895904     0.0166810570     0.0066323779
    0.0001133251     0.0069555634     0.0170206227
    0.0003878429     0.0117031570     0.0144224555
   -0.0009530722    -0.0203725311     0.0007810927
   -0.0028443996    -0.0167192617    -0.0111091295
    0.0148809158    -0.0082579398     0.0093360520
   -0.0141147382     0.0104100344     0.0025864278
    0.0090572632    -0.0169213400     0.0072043337
   -0.0101579163    -0.0133731540    -0.0057625451
   -0.0099022589    -0.0158661877    -0.0085198219
    0.0088563767    -0.0181504397     0.0036564554
    0.0014291040    -0.0071616998     0.0110611589
    0.0175459512    -0.0110799301    -0.0032495354
    0.0074319220    -0.0175929437     0.0066982097
    0.0119446598     0.0068757330    -0.0119063795
   -0.0087611300    -0.0151286710    -0.0104565828
    0.0083425916     0.0165014356    -0.0005350722
    0.0040197313     0.0144298681     0.0108704748
    0.0085293974     0.0147125623    -0.0058226287
   -0.0042884681    -0.0066012278    -0.0156373011
   -0.0095879367     0.0077400062    -0.0127060143
   -0.0076310538    -0.0131207214    -0.0098740556
   -0.0140908433     0.0039609976     0.0009326061
   -0.0106802858     0.0097280756    -0.0106199989
    0.0075092582     0.0133569552    -0.0099861273
   -0.0070919089    -0.0121252855     0.0038236411
   -0.0064142117     0.0054769263    -0.0159964748
   -0.0033795371    -0.0074917123     0.0113362463
    0.0150244906    -0.0144140079    -0.0027663649
    0.0099891952    -0.0154691278     0.0090947043
   -0.0004622248     0.0023702844    -0.0175075190
    0.0136129332    -0.0095764301     0.0104681407
   -0.0129808951     0.0059079882    -0.0018024286
    0.0163154786    -0.0101686040    -0.0071984014
   -0.0117130916    -0.0107689664    -0.0077254888
   -0.0039611101    -0.0096969277     0.0099711703
   -0.0090869788    -0.0061724491    -0.0137468418
   -0.0132870297    -0.0009464468    -0.0063883188
   -0.0050743497     0.0058776515     0.0129446119
    0.0173454302    -0.0022706165     0.0070042903
    0.0042541188     0.0102603473    -0.0140776778
    0.0183715690    -0.0060363216     0.0012998096
   -0.0137305116    -0.0047655949    -0.0012744789
    0.0027822474     0.0135811867     0.0123915463
    0.0011533135    -0.0193281505    -0.0057840455
   -0.0026369618     0.0128222269    -0.0122830257
   -0.0140837006     0.0010037409     0.0035597013
    0.0017032666     0.0119001732    -0.0129105844
   -0.0011196115     0.0025939322     0.0141691514
   -0.0088719245     0.0092118206     0.0127987557
    0.0035428204     0.0166950702     0.0067513325
   -0.0030521200    -0.0115192558     0.0085282124
   -0.0001049468     0.0134954916    -0.0113356941
    0.0127252961    -0.0149197963    -0.0060721083
    0.0010217447    -0.0066859669     0.0113379365
   -0.0082551672    -0.0136320793    -0.0085356396
   -0.0109648868     0.0134099842    -0.0032725533
    0.0030403126     0.0076843946    -0.0155591436
   -0.0037671671    -0.0124569523     0.0069959861
   -0.0104483459    -0.0179260133    -0.0006733330
   -0.0114310659    -0.0074062844    -0.0112224343
    0.0048551781     0.0175327317     0.0017825236
   -0.0000035736     0.0034874476    -0.0174400719
   -0.0068725843     0.0081293973    -0.0146911608
    0.0166091886    -0.0111717891    -0.0055461095
    0.0034572013     0.0160699655     0.0082290500
    0.0181517219    -0.0093846822    -0.0044054254
   -0.0041512642     0.0041309358    -0.0170343095
   -0.0020350435     0.0033241388     0.0141057841
    0.0151518271    -0.0047167129     0.0101985393
    0.0088316866     0.0098459396     0.0126725658
   -0.0031122741     0.0058923609     0.0140977273
   -0.0048539089     0.0138658190    -0.0097883243
   -0.0128949355     0.0051640340     0.0026602026
    0.0142083806    -0.0124703743    -0.0077018109
    0.0171455940    -0.0072910021     0.0057583111
   -0.0125171155     0.0106509952    -0.0067142084
   -0.0039173272     0.0027009878     0.0135794990
    0.0030320255     0.0107861746    -0.0135371880
    0.0024347161     0.0145514510     0.0106612795
   -0.0092323830     0.0122519696     0.0093559228
    0.0173629678    -0.0071520492    -0.0042674988
   -0.0118457996     0.0125777664    -0.0033978865
    0.0059540231     0.0173612817     0.0010489596
    0.0098905400     0.0072927787    -0.0135752891
    0.0051585447     0.0141490718    -0.0097314216
   -0.0142117786    -0.0019185295    -0.0041588885
   -0.0082505589     0.0077227108    -0.0140797297
   -0.0088310422    -0.0099644437    -0.0120713996
   -0.0011577143    -0.0109530039     0.0093092723
   -0.0123993630     0.0088759972    -0.0089312445
   -0.0118020309     0.0111439609    -0.0075471904
   -0.0144964017     0.0002602908     0.0026319407
    0.0073211784     0.0167466367    -0.0012038241
   -0.0026518170    -0.0201308955    -0.0042360583
    0.0148933992    -0.0150190737     0.0007400585
    0.0065288672     0.0150389837    -0.0072022913
   -0.0075824221    -0.0155960319    -0.0107760564
   -0.0076975541    -0.0093495394    -0.0132424078
   -0.0008094817     0.0013595483    -0.0174610136
   -0.0126805785    -0.0153403494    -0.0044948845
    0.0046482852     0.0092432053     0.0154704787
   -0.0038664062    -0.0176972656    -0.0096822685
    0.0167374349    -0.0084977075    -0.0057130197
   -0.0120984574    -0.0162133713     0.0016610758
    0.0083180376     0.0124056551    -0.0107404248
   -0.0046137352     0.0039270152     0.0133442029
   -0.0132220731    -0.0050104768    -0.0032279582
   -0.0029513288     0.0056621991     0.0167611916
    0.0111392556     0.0094001849    -0.0112373075
   -0.0053660512     0.0043476591    -0.0166480393
    0.0060755053     0.0173016046     0.0028540313
   -0.0103588432     0.0117637999     0.0090857700
    0.0036157937     0.0174774057     0.0035632557
   -0.0005129327     0.0044571175     0.0175376403
   -0.0038318558     0.0051340106    -0.0169432469
   -0.0059786805    -0.0071592477     0.0103289901
   -0.0005311473     0.0090212085    -0.0157147883
    0.0080298325     0.0093098258    -0.0136650782
   -0.0099668430    -0.0053727003    -0.0133059161
   -0.0138799054     0.0026293165    -0.0046410541
    0.0010041767     0.0038673491     0.0176717479
   -0.0070256770    -0.0111697779     0.0059785833
    0.0109958732    -0.0175873158    -0.0004662650
    0.0180409512    -0.0069413598     0.0025954956
   -0.0046097382    -0.0105377776     0.0089744319
   -0.0149860363     0.0004571129    -0.0015661431
    0.0001485277    -0.0094069407     0.0103816717
    0.0020519233     0.0105035495     0.0152600652
    0.0004969575     0.0053895097     0.0174518827
   -0.0029672596    -0.0122507177     0.0076641799
   -0.0148694087     0.0007539541     0.0010461604
    0.0133207578     0.0095081213    -0.0078527078
    0.0146343489    -0.0068748385     0.0102309432
    0.0011734179     0.0079295482     0.0166877610
   -0.0138592619    -0.0002156004     0.0041133766
   -0.0130506530    -0.0058003903    -0.0005243260
    0.0155211219    -0.0127842602     0.0065266994
   -0.0093958191    -0.0171199649    -0.0070569454
    0.0015909284     0.0072335955    -0.0162635969
   -0.0080423105    -0.0106945952     0.0048645795
    0.0155466959    -0.0123296824    -0.0059462096
    0.0182546542    -0.0101842984    -0.0025311336
   -0.0121030799    -0.0094049222    -0.0087677838
   -0.0142138084    -0.0036214528    -0.0020272712
    0.0053388692     0.0036700662     0.0168624316
    0.0121909429    -0.0155251711     0.0069010168
   -0.0142912203     0.0037338128    -0.0014804736
   -0.0148552061    -0.0003442977    -0.0025258917
   -0.0106548884    -0.0164855489    -0.0064868053
   -0.0018189777     0.0097154604     0.0154690015
    0.0070861871     0.0171031372     0.0019508102
   -0.0050191871    -0.0077142779     0.0106548602
   -0.0021894583     0.0086694983    -0.0158916090
    0.0130562700    -0.0082837995     0.0114228219
    0.0170215794    -0.0044732262     0.0074301143
   -0.0131407619     0.0101854982    -0.0056905726
   -0.0062650221    -0.0123936147     0.0047557011
    0.0032285849     0.0018931207     0.0174417340
   -0.0040633188     0.0124728737    -0.0123452034
   -0.0144836285     0.0032617926    -0.0000540929
   -0.0004068453     0.0018151825     0.0141159799
    0.0005396726    -0.0202442444    -0.0002801288
   -0.0132355915    -0.0054331126    -0.0018952146
   -0.0061553800     0.0063475666    -0.0151858141
   -0.0009054739     0.0059955647     0.0171882520
   -0.0134572668    -0.0013966211     0.0046017144
    0.0032346091     0.0129908448     0.0129230120
    0.0187195197    -0.0024102866     0.0015117238
    0.0075304982     0.0163367342    -0.0025368560
    0.0027717481     0.0141710312     0.0117553028
   -0.0133424279    -0.0021742788    -0.0058820909
   -0.0139994518     0.0044417038    -0.0004689742
    0.0171661964    -0.0058826847     0.0066104033
   -0.0124624255     0.0117815012    -0.0039401494
   -0.0137540123    -0.0043384461    -0.0027062402
    0.0081175709     0.0138423028    -0.0086823211
    0.0185325528    -0.0051205343    -0.0000371912
    0.0097810418     0.0159488975     0.0013438221
    0.0095074158     0.0159413789     0.0039478288
   -0.0036147193    -0.0052065629    -0.0160128669
    0.0003951283    -0.0074693751     0.0113076295
    0.0043607059     0.0136618665    -0.0105834688
   -0.0062169294    -0.0110899563    -0.0128215509
   -0.0132674791    -0.0040170022     0.0032608455
    0.0180587405    -0.0073920958     0.0006235141
    0.0098497043    -0.0179339108    -0.0016351199
    0.0032700839     0.0098788958     0.0154728519
    0.0164477143    -0.0067147506     0.0076573588
   -0.0120388436     0.0116980350     0.0068616395
   -0.0135269279     0.0029022986     0.0038168018
    0.0051867787     0.0076515062     0.0160353413
   -0.0007108909    -0.0092053327    -0.0151754250
   -0.0134811657    -0.0051398643     0.0001717225
   -0.0043585047    -0.0069539486     0.0112143877
    0.0007999968    -0.0079798235     0.0109852541
    0.0010350681     0.0026757628    -0.0173281062
   -0.0086767967    -0.0164136852    -0.0089751623
   -0.0128948523    -0.0156349718    -0.0023216947
   -0.0133453264     0.0055276636    -0.0007382784
    0.0074224836     0.0118754881    -0.0118915215
   -0.0051198631    -0.0126258331     0.0057380076
   -0.0093873901     0.0112223366     0.0106169872
   -0.0136576672    -0.0001824100    -0.0058570662
   -0.0068625472    -0.0196079164     0.0010357315
   -0.0136910900     0.0105894928     0.0052304100
    0.0026215677     0.0073091802     0.0168067489
   -0.0062661095     0.0077873066     0.0120087728
    0.0156950031    -0.0106422423     0.0090187887
   -0.0136835975     0.0109469996     0.0034734974
   -0.0025488936    -0.0094455770     0.0105050974
    0.0159787081    -0.0039181202     0.0092512377
   -0.0103505471     0.0098349774     0.0113546044
   -0.0026217699    -0.0116629667    -0.0138519971
    0.0081940099     0.0064607308     0.0149172098
   -0.0081734184    -0.0070029247    -0.0140578203
   -0.0068683448    -0.0184040997     0.0052259566
   -0.0085740446     0.0056900193     0.0100024520
   -0.0020265737    -0.0205037957    -0.0005883904
   -0.0024854848    -0.0080403981     0.0112824612
   -0.0112942566    -0.0102432043    -0.0091648781
   -0.0037778890     0.0062556226     0.0162749046
   -0.0028543814     0.0052835385     0.0139977158
   -0.0091717931     0.0106512777    -0.0114418512
   -0.0130712831     0.0115137632     0.0043420005
   -0.0097038963    -0.0177345310    -0.0051156501
   -0.0022776049     0.0026825776     0.0173387132
   -0.0071267341     0.0068183932     0.0113237652
   -0.0091697954    -0.0132946809    -0.0078533543
   -0.0056553128     0.0102082448    -0.0139423980
    0.0009821386     0.0095266976     0.0159166573
    0.0068664577     0.0120179322     0.0122440418
   -0.0113686372     0.0129958543     0.0041781691
    0.0178544577    -0.0077774268    -0.0012324327
    0.0047563203     0.0051463929     0.0168906168
   -0.0108616473    -0.0116142191    -0.0080056985
    0.0073231435     0.0055228057     0.0157003656
   -0.0034543771     0.0033456349     0.0137695739
   -0.0087544221     0.0107470079    -0.0111045332
   -0.0113560127     0.0126425522     0.0057862653
   -0.0021025410     0.0081558461     0.0161817832
   -0.0128867039     0.0109907082    -0.0047350822
    0.0003088636    -0.0097057276     0.0102805058
   -0.0070509014    -0.0118948788     0.0044446170
   -0.0079548283    -0.0034441854    -0.0147503970
   -0.0027832999     0.0087225107     0.0157198151
   -0.0010022149    -0.0064684517     0.0118289126
    0.0009549087    -0.0085068894     0.0106905478
   -0.0042874070    -0.0199737665    -0.0042538627
    0.0101853050     0.0104095455    -0.0113313827
   -0.0027917311    -0.0203494894     0.0012721828
   -0.0057276473    -0.0128205122    -0.0115632907
    0.0025936403     0.0093305716    -0.0144445928
   -0.0007881931    -0.0200390707     0.0026786950
    0.0099848792     0.0156959933    -0.0001902364
    0.0095094220     0.0057657185    -0.0143586734
    0.0076119621     0.0037789615    -0.0156986655
   -0.0064282811    -0.0192281098    -0.0052159369
   -0.0005824436     0.0013170114     0.0139554560
   -0.0037714287    -0.0199150708     0.0030841228
   -0.0105977402     0.0073792644    -0.0119509977
   -0.0116697384     0.0128015127    -0.0024427614
   -0.0051212417    -0.0130825757    -0.0117723738
   -0.0051096738    -0.0168854656    -0.0104444204
   -0.0087755082    -0.0128074381    -0.0091429047
    0.0168356238    -0.0111115744     0.0064296367
   -0.0021944991     0.0009226395     0.0137069617
    0.0093586317     0.0020475747    -0.0147821384
   -0.0086900276     0.0082370798     0.0093451213
   -0.0118533309     0.0123315615    -0.0047621082
   -0.0097495295    -0.0105503078    -0.0107670436
   -0.0009759227     0.0111729754    -0.0141597672
   -0.0122543286    -0.0080139969    -0.0097603787
   -0.0064685265     0.0074586494     0.0147048151
    0.0107788790     0.0129284896    -0.0069816319
    0.0157917756    -0.0101069116     0.0067565412
   -0.0079842741     0.0071906377     0.0103642823
   -0.0142553932     0.0014013067    -0.0043772737
    0.0182373013    -0.0055401511    -0.0020399652
    0.0048959411     0.0174242474     0.0034200185
   -0.0103746821     0.0135314109     0.0047280414
    0.0166182691    -0.0121688385    -0.0038690531
   -0.0145004834     0.0001365893    -0.0039541381
    0.0000755678     0.0122884359     0.0139673807
    0.0167866864    -0.0073925980    -0.0057643828
    0.0036657091     0.0082789474     0.0162259775
    0.0170646625    -0.0062059852    -0.0055470615
   -0.0012817176    -0.0054439483    -0.0161451520
   -0.0111906593    -0.0059916565    -0.0120644133
   -0.0119439524    -0.0167087421    -0.0014616866
    0.0132216977    -0.0127646547     0.0097583353
   -0.0148525010    -0.0013006491     0.0006590515
   -0.0144315812     0.0027574346     0.0014587703
   -0.0050419727    -0.0152110347    -0.0122617412
   -0.0082661162     0.0116818374     0.0107510386
    0.0000374233    -0.0088425403     0.0107623513
   -0.0007525792     0.0107143149     0.0150492588
   -0.0041707267    -0.0111589129     0.0085423654
   -0.0003417726    -0.0082987778     0.0111253511
    0.0078604124     0.0168312827     0.0007934716
   -0.0142783740     0.0100366590     0.0042860508
   -0.0093125844     0.0091517356    -0.0122936742
    0.0142758961    -0.0054875147     0.0110131754
   -0.0149628932     0.0012505608    -0.0005567797
    0.0176488127    -0.0117573765     0.0010446773
   -0.0058296358    -0.0126905371     0.0048635008
   -0.0079159343     0.0079181722     0.0103168283
   -0.0048180799     0.0093103928    -0.0149365722
    0.0021697856     0.0120703278     0.0140290462
   -0.0127650707     0.0055872366    -0.0036333428
   -0.0046067089    -0.0113038193    -0.0133068443
   -0.0102082688     0.0087354242    -0.0117245107
   -0.0104975837     0.0107732574     0.0102626590
    0.0043724950     0.0154821306     0.0093499187
   -0.0128654404     0.0041471521    -0.0054464332
   -0.0008495958     0.0142056827    -0.0101948186
    0.0174013001    -0.0049783114    -0.0051384095
   -0.0092944018     0.0077929830     0.0084191181
    0.0127679163     0.0109994894    -0.0067404579
    0.0060660611     0.0161679835     0.0074944022
    0.0003252559    -0.0189598200    -0.0071954297
   -0.0032014622     0.0095898525    -0.0151937661
    0.0120493705     0.0084050216    -0.0109273956
   -0.0076470074    -0.0055639928    -0.0147128351
   -0.0078567213     0.0070855447    -0.0141094217
    0.0133922407    -0.0062252417     0.0116941393
    0.0056906585     0.0170855558     0.0047762501
   -0.0092618002     0.0101955775     0.0117649048
    0.0063619469     0.0045904085     0.0163524446
   -0.0065012753    -0.0079028084     0.0096351480
   -0.0030023688     0.0071903594     0.0162820913
   -0.0115639467     0.0103424253     0.0096932388
   -0.0066326953    -0.0126052867     0.0039253592
   -0.0078042083    -0.0114665370     0.0036399700
    0.0151185262    -0.0145742843     0.0029635567
    0.0182570267    -0.0041492343     0.0041859598
   -0.0094398449    -0.0040129256    -0.0138656842
   -0.0055997474    -0.0194738210     0.0034553625
   -0.0026101691    -0.0118690517     0.0081922542
   -0.0093892713     0.0085211272     0.0084313550
   -0.0063340527    -0.0119005272     0.0056651345
    0.0107741100     0.0133937289    -0.0055934912
    0.0132314109    -0.0163286036     0.0000062019
   -0.0032780291     0.0015151082     0.0136067460
   -0.0054453655     0.0081825818    -0.0153550893
    0.0175008541    -0.0080920560    -0.0029224441
   -0.0116098710     0.0120295684    -0.0063918986
   -0.0011355641    -0.0203164672    -0.0030667240
   -0.0135535394     0.0045992264     0.0018487025
    0.0117738833    -0.0119971014     0.0116998348
    0.0038425858     0.0112660224    -0.0132727584
    0.0062971391     0.0134943386     0.0108071069
    0.0005683677     0.0015800380    -0.0173666363
   -0.0060477770     0.0070998528     0.0121538048
   -0.0050967512    -0.0128743445     0.0058429727
    0.0101453008    -0.0179522869     0.0018207690
   -0.0032417197    -0.0088626345     0.0107314199
    0.0063327383     0.0072029900    -0.0153687247
   -0.0047137057    -0.0193399267    -0.0061847049
   -0.0050109649    -0.0120151657     0.0068749803
    0.0073595629     0.0161804341     0.0065944954
   -0.0072701699     0.0042085165     0.0116192371
   -0.0051637919    -0.0113872369     0.0076730598
    0.0154423287    -0.0133864122    -0.0043367137
   -0.0019988857    -0.0068046254    -0.0158787287
    0.0109775029     0.0109432600    -0.0099373256
    0.0125471018    -0.0069268279     0.0122494965
   -0.0114754336    -0.0088322664    -0.0102481362
   -0.0025247178     0.0108159403    -0.0143878270
   -0.0072710119     0.0088540292    -0.0139370352
   -0.0149867491    -0.0008278912    -0.0009611822
   -0.0015042484    -0.0113720595     0.0090196437
   -0.0094835384    -0.0076234820    -0.0129485087
   -0.0103644726    -0.0067897522    -0.0125690271
   -0.0063906847    -0.0087141521    -0.0142313457
   -0.0051739093    -0.0199933074     0.0016110795
   -0.0124062923    -0.0153721988     0.0029634502
   -0.0045672467    -0.0127253116     0.0061337915
   -0.0018728098    -0.0106313992     0.0096328212
   -0.0134056095     0.0037979223    -0.0047177400
   -0.0064301486     0.0077057039    -0.0148277962
   -0.0049892684     0.0065782383     0.0129164281
   -0.0000543176    -0.0100092280     0.0099984770
    0.0075620231     0.0104765923     0.0131863004
   -0.0082486940     0.0085925954     0.0101003520
    0.0059100267     0.0146156149    -0.0086091450
   -0.0070730983     0.0100166104    -0.0132885948
   -0.0022864568    -0.0090854480    -0.0150754661
    0.0177248235    -0.0082845527     0.0019041651
   -0.0012931901     0.0131668763    -0.0119357710
   -0.0054628358    -0.0036556682    -0.0157128620
    0.0069055442     0.0031777557     0.0161835147
    0.0108047313     0.0063162690    -0.0132293337
    0.0068741940     0.0142472264    -0.0088548414
   -0.0102267146     0.0111972178    -0.0098587797
    0.0061701391     0.0137664206    -0.0100598525
    0.0124748397     0.0104755288    -0.0082613041
   -0.0130085477    -0.0054485704     0.0015525690
    0.0112405847     0.0039325120    -0.0133511360
   -0.0124369204     0.0107659706     0.0079150127
    0.0099109465     0.0033962840    -0.0144444772
    0.0162892845    -0.0053036565     0.0084959851
   -0.0079232631    -0.0088127541     0.0075548643
   -0.0056000243    -0.0084918032     0.0099514095
    0.0103583363    -0.0125349804     0.0121175574
   -0.0088505918     0.0067549834    -0.0135482956
   -0.0144931778    -0.0025294215     0.0012827979
    0.0072095705     0.0062039454    -0.0154094580
   -0.0110222748     0.0122339357     0.0074479765
   -0.0139413745    -0.0036886888     0.0018689864
   -0.0119008068    -0.0112576142    -0.0063411578
   -0.0049917143    -0.0104409971    -0.0137729328
   -0.0080678900     0.0082871432    -0.0138335028
    0.0015561059     0.0038586233    -0.0171443855
   -0.0148099229    -0.0016227107    -0.0019000356
    0.0010647995     0.0059435714    -0.0168372956
   -0.0137850974    -0.0044315741     0.0009818985
    0.0156676198    -0.0075094813     0.0085686250
   -0.0011704042    -0.0091585113     0.0107492963
    0.0131571772    -0.0114937279     0.0110421876
   -0.0008536694    -0.0097323103     0.0103356068
   -0.0131308080     0.0022451750    -0.0062890204
   -0.0128675453     0.0048860964    -0.0045792301
   -0.0046343768    -0.0202585878    -0.0018798605
   -0.0105297083     0.0134200088    -0.0054556704
    0.0129249023    -0.0141246037     0.0083765340
   -0.0008330418    -0.0100230262    -0.0149223483
   -0.0040861196    -0.0082843908     0.0107871633
    0.0091657767    -0.0183445426     0.0004565623
   -0.0067170792    -0.0063847943    -0.0149496779
   -0.0076664797    -0.0139545237    -0.0088453124
    0.0139864305    -0.0146828993    -0.0045843763
    0.0157629502    -0.0116295353     0.0077752254
   -0.0063303767     0.0091231779    -0.0143936244
    0.0122010778    -0.0160152907    -0.0045133359
    0.0142877558    -0.0153992164    -0.0012971487
    0.0185742350    -0.0032732263     0.0028634672
   -0.0077779328     0.0053321903     0.0110106992
   -0.0021819181    -0.0198959647     0.0034945681
   -0.0072404015     0.0084756271     0.0139332901
   -0.0072606835    -0.0078533123    -0.0142224888
   -0.0049647619    -0.0080692990    -0.0150055162
    0.0005978161     0.0015577312     0.0176713795
