 -0.51063526 0.97986275 2.661777
 6.2242293 -0.42905772 1.0535707
 3.8755884 2.317619 2.9127426
 -2.5857115 -1.6621802 -2.7958405
 -1.591752 -2.7001138 -2.4850438
 -1.3758073 -2.4308887 -2.7963834
 -2.328509 1.6493831 2.6116738
 4.840397 -2.7954438 0.6814064
 -2.0043263 1.5006007 2.8499765
 -0.45230323 -4.293838 -0.80699706
 -0.5769352 -4.2477865 -0.60657334
 4.686423 -2.6466613 1.138266
 0.14753066 2.2368765 -3.029747
 0.05842019 2.0420425 -2.985715
 4.366346 3.076353 -1.2255353
 -1.6490936 1.8484666 -2.5507674
 -1.9746994 2.0851026 2.0283449
 4.7354817 1.861298 -2.1043146
 4.432296 1.5920728 -2.2816172
 6.2535424 -0.57784003 0.5594277
 -4.53821 -1.0771846 -0.66346556
 0.36922508 3.4519317 -2.707203
 -2.5138524 1.671345 -2.1837983
 3.4554052 2.7504492 -1.7457023
 3.7685146 2.5124528 2.799164
 2.8476346 1.4745194 3.1166124
 4.044494 2.6583457 -1.8866501
 1.1582439 2.534441 -2.989311
 -1.1898552 -2.671774 -2.516358
 -1.1677608 -2.6146908 2.525853
 -4.8178635 -0.5210222 -0.40187284
 -4.765665 -0.010911487 -0.4187345
 4.612516 -3.1673994 -0.40429485
 2.508664 3.9749022 1.2604719
 5.099544 2.399748 -1.5297598
 6.1095486 -0.74433446 1.0792035
 3.8737946 -3.8156652 0.3449849
 -0.3623172 -4.3682294 -0.6485247
 -0.36289543 3.3492012 -2.480754
 4.3108015 -3.5747795 0.2664981
 5.811624 -0.91082895 1.5064182
 -0.645167 -4.1733956 -0.77545154
 4.669023 -2.8414953 1.0207459
 -1.9200963 -3.3833992 1.4131184
 0.50612783 -4.5701485 -0.6358957
 6.2834816 -0.3086149 0.9077842
 -4.465592 0.13787076 -0.8147126
 -1.7317032 1.9689095 -2.4125826
 -0.06924659 3.3031492 -2.6813772
 -0.46922892 -4.322178 -0.46176225
 -0.8618562 2.721663 2.158826
 -1.3787665 3.4088957 1.1908946
 -2.027256 -2.9476798 2.3585823
 -1.780159 0.9160989 3.194114
 -4.9708157 -0.62375283 0.50198483
 -1.5422474 2.0433006 -2.3782666
 2.4237485 4.215788 0.90364426
 -0.7930819 2.5268292 2.239032
 2.768373 2.374298 2.7546186
 -0.7718644 -2.9122555 1.8380111
 6.1396656 -0.7266223 0.08936219
 -0.21765612 -4.4426208 -0.5179905
 0.09758733 -4.4319935 -1.0760243
 -4.8361034 -0.7158561 -0.3039956
 5.6574574 -1.3004969 1.225014
 2.6651323 4.0209537 1.0232474
 0.7079034 3.4058805 -2.751802
 -4.9476957 -0.6698045 0.0909343
 -0.10048907 -4.0423255 -1.6457665
 -1.4073181 -2.9409993 -2.058914
 4.886244 2.715025 -1.4019476
 -0.017273016 3.6184263 -2.45077
 -1.5438249 -2.4659085 2.7508373
 -1.634218 -1.6798923 -3.1981838
 5.3171844 -1.5413826 1.251446
 -1.2633955 1.0825933 3.0554633
 5.7291327 -1.4032276 0.5712598
 -1.6361426 3.1680102 1.0203086
 -0.8471348 -2.0872722 -2.944505
 -1.7075849 -2.7745047 -2.3461568
 0.19329962 2.746987 -2.9957726
 4.1983604 -3.6208315 0.49210423
 -4.5302186 -0.8823507 -0.7742947
 -1.945755 2.2558467 -1.881101
 -1.1918267 -2.4198568 2.6730766
 0.4425 2.8213785 -3.0150008
 -2.018136 0.99049 3.1484053
 0.3044975 2.1164336 -3.050758
 -0.9553907 -3.7837276 -1.0287477
 -2.4456737 1.7237741 2.4585283
 4.2327304 -3.5464401 0.67168474
 0.03710661 3.1827068 -2.792628
 3.43407 2.1198957 -2.1783516
 4.935485 1.935689 -1.9573909
 -4.6413717 -0.2517971 -0.7081396
 0.5957712 2.7009356 -3.049017
 -0.2526391 3.664478 -2.2552898
 -2.1469073 1.380158 2.9123664
 3.2311585 2.0306816 3.0815535
 -4.8681116 -0.89297795 0.83780885
 4.2032137 1.7331171 3.047598
 -0.65878797 -2.7174213 2.0033908
 5.991881 -1.0418991 0.18125954
 -1.8575883 1.7740755 -2.5499191
 5.2423906 1.8896375 -1.7022562
 3.9819553 2.463512 -2.0441084
 3.903068 2.268678 -2.16332
 -0.5229989 -4.276126 -0.2400321
 -1.9287691 2.6118479 0.732415
 1.2067873 3.2393856 -2.7420056
 -4.8181605 0.05285237 1.0067807
 4.9502773 2.5201907 -1.5695181
 0.006486438 -4.5170116 -0.4324071
 2.366128 3.6135736 1.7070515
 2.7987862 2.179464 2.890771
 -1.8679864 1.1109328 3.1116724
 2.8621283 3.7056768 1.2354476
 -2.0291824 2.3018985 -1.6784117
 4.8130174 1.5460211 -2.1219704
 -4.700715 0.30436528 -0.32628888
 2.3497791 1.8181355 2.7800364
 4.764307 -2.8521228 -0.52064216
 4.9880652 -2.5545583 0.40855464
 -0.52367324 2.8390906 -2.6401625
 -4.9714594 -0.3545277 0.14859484
 4.360366 2.6122942 -1.8528069
 4.1580715 3.1224048 -1.2294779
 -4.64202 -0.7619078 -0.6638353
 -4.6760445 0.1839225 -0.4795967
 3.6711445 2.1942868 -2.18872
 -0.44599742 -4.184023 0.24371661
 4.923863 -2.6750011 0.55071723
 -1.0445206 -3.812067 -0.4973315
 -0.94622606 -3.8404064 0.02495855
 2.9213219 2.4947407 2.7304058
 -2.5109682 1.9122305 -1.8716958
 -0.4950843 -4.219447 -0.98247814
 4.4808393 2.2970173 -2.034312
 -4.8866897 -0.2624244 0.9672109
 -1.3196912 -2.7351334 2.488121
 4.772634 -2.9902778 0.5704142
 -0.21308951 -4.4142814 -0.7856215
 -1.0515493 1.3234792 2.8333094
 -1.0460807 0.69292545 3.1144495
 4.244231 -3.6031194 -0.1277837
 6.203513 -0.6982828 0.70656985
 -0.17433554 1.9676512 -2.88617
 -1.0958432 2.9908884 1.904093
 4.66533 2.3714087 -1.9017904
 -2.1631052 -2.2183423 -2.7732232
 -1.3861822 1.592704 2.739153
 3.9158509 1.4922315 3.1766272
 -1.8499917 -2.6540618 -2.4762602
 3.3469713 1.3257371 3.2268639
 4.3393536 -3.277215 1.0245643
 5.6691146 -1.374888 1.0281818
 -1.4997878 -2.3104455 -2.8935127
 -4.797318 0.10953132 -0.26520962
 -0.9634434 -1.9668295 -3.0454323
 6.025169 -0.9214562 0.030961
 1.3088777 2.9241087 -2.8458376
 -1.5593746 -3.3196354 1.6220194
 -0.7841679 -4.081292 -0.2525728
 4.5199685 -3.3799458 0.35884053
 -1.6063969 2.1637435 -2.210125
 -4.870495 -0.08530263 -0.18935513
 0.6494305 -4.541809 -0.7930451
 4.908841 -2.8237832 0.07142204
 5.0321956 -2.4341154 0.25801075
 3.5644505 2.586844 2.7623324
 -2.754438 -1.9314051 -2.4934769
 4.040655 -3.666883 0.67285466
 4.2262774 -3.472049 0.85918456
 0.41644695 -4.3292627 -1.3964493
 3.4014962 2.870892 -1.5841645
 2.9729056 3.8721714 0.7856948
 0.13531275 -4.5347238 -0.6579654
 2.441089 3.7340164 1.5717112
 3.6685596 2.707287 2.6384833
 -4.92379 -0.8646384 0.19100235
 -2.8109117 -2.2006302 -2.1553044
 4.5125747 2.6866853 -1.7171186
 4.1977453 2.3636708 2.7664578
 6.0417867 -0.9391684 0.9682113
 5.449658 -1.3465486 1.4448844
 3.0944204 3.7977803 0.6212264
 4.8031354 -3.0186172 -0.008582221
 3.716552 1.8790101 -2.3073072
 4.482073 -3.4082851 -0.116721794
 -1.7844487 -2.06956 -3.0099285
 5.643143 -1.4492792 0.8388289
 -1.6463361 1.5331899 -2.7735746
 -1.9451008 -2.7284532 -2.3203185
 3.2488096 3.602946 0.5751035
 3.9688346 2.8737812 2.3486118
 -1.3170545 1.7131469 2.5894644
 -1.1638492 -3.0787497 1.9571679
 4.5464005 2.9559107 -1.3353038
 4.118882 1.8329585 -2.3084197
 3.766355 2.3891208 -2.0926838
 0.3999585 2.3112676 -3.0749834
 4.5114603 2.4918513 -1.8913637
 -0.9574869 -3.1070895 1.6516811
 -1.3211728 3.3345044 1.3930308
 4.3238187 2.1688366 2.823571
 4.097399 -3.3232665 1.2284801
 -2.2080483 -2.7567925 -2.051678
 -2.1665432 2.0610127 -2.0469532
 -0.5947071 2.3289797 -2.6718187
 -0.66263986 -4.155683 -0.109302774
 -0.16795963 -4.378857 0.09125605
 -4.653283 -0.9567417 -0.55852
 -4.985881 -0.42891887 0.40472114
 -1.5013378 1.7875379 2.5529268
 -0.97658837 1.4439218 2.697969
 0.19313635 -4.2832108 -1.4323062
 4.0270047 1.6381245 -2.3544936
 4.9583793 -2.5828977 -0.23440272
 -1.6126102 -3.1708531 2.0189884
 6.1327133 -0.8187256 0.84395474
 -4.8982377 -0.7902473 -0.05882401
 4.3583856 1.9073496 -2.2400088
 -2.0762427 -3.309008 1.683824
 -1.6913168 -2.384837 -2.80971
 0.24340007 2.4317102 -3.0498233
 3.1562357 3.7694407 0.103071734
 5.8031297 -1.180054 1.1628419
 3.9858987 2.122785 2.9886117
 -1.5069591 3.019228 1.4595864
 -0.8769744 -4.0069013 -0.42257518
 4.1009493 2.2432277 2.8861177
 2.5466986 1.7437445 2.9341304
 3.5702612 1.9994528 -2.2527764
 2.9643643 2.884409 2.311997
 -0.3718856 -3.996274 -1.5272155
 5.6362767 -1.4776187 0.4067242
 1.0021056 2.6548839 -3.0132337
 0.18135342 3.6928174 -2.453396
 -0.21817267 3.5440352 -2.4111035
 2.2415166 4.290179 0.90206075
 6.0722876 -0.9675079 0.3892148
 4.733531 -3.13906 0.12895769
 -0.5163675 -4.2300744 0.00071365386
 -1.373706 1.2774274 2.9795938
 -2.2433395 1.0648812 3.0687003
 -1.2704266 -2.5513315 -2.6715622
 0.12744424 3.81326 -2.2918582
 -0.6356888 1.1746967 2.6582189
 -1.5438316 1.7280239 -2.66639
 3.8131824 2.073844 -2.2499416
 -1.9360994 -2.9516268 -1.7731547
 3.6626716 1.5666227 3.2094193
 -1.6371176 2.703951 1.4768924
 -0.6166855 2.9595332 -2.514939
 -0.15559293 3.4235926 -2.553681
 -2.3686228 2.1531162 -1.5614992
 -0.96440625 -2.2821064 -2.8515935
 4.0946927 -3.67751 -0.22920534
 -1.1531785 0.8877594 3.0991812
 -2.2925215 -3.3267202 1.4394941
 -1.8076884 1.4262097 2.9265327
 -0.7600343 3.03694 2.071013
 -1.9444396 1.3057667 2.9984474
 3.8559449 2.0023422 3.072662
 4.955077 -2.480167 0.6557738
 -1.4807799 1.4722612 2.8660157
 -2.1257796 2.1814556 -1.8686476
 3.0140078 3.918223 0.48319703
 -0.59423375 0.85942 2.7929213
 3.0371988 3.8898835 -0.0016170926
 -4.960079 -0.11364213 0.4642079
 0.30896923 -4.20882 -1.5711929
 -0.7236653 2.7646995 -2.4911366
 5.5799537 -1.5236704 0.6642952
 4.4034634 -3.0823808 1.1747019
 4.6624365 -3.1107206 0.6779912
 6.282408 -0.45739722 0.40577725
 -0.9443531 3.1113312 1.9320171
 0.7755772 3.0906034 -2.9190397
 5.8141794 -1.2544452 0.9560604
 5.7044845 -1.3111241 -0.015700795
 2.2943015 3.9288502 1.461649
 4.0830355 2.85318 -1.6800871
 -2.2445307 -3.2346172 1.8117346
 -0.7904479 3.2317739 1.9348605
 5.2046876 -1.3926003 1.6060736
 -1.8734676 1.6210437 2.7589238
 3.8631124 2.6328957 2.6723015
 4.4763327 -3.2417905 -0.5669232
 -4.9234076 0.0068007037 0.61730933
 -1.802238 2.209795 -2.0635166
 4.124062 2.343069 -2.1035788
 -2.245276 -1.7082317 -3.0028927
 -4.930815 -0.8185868 0.5954378
 -2.1092904 -2.6080103 -2.4023244
 -2.4541662 -2.9193401 2.249227
 0.05260486 2.8674297 -2.9268312
 -2.467081 -2.1722908 -2.601561
 -0.28881773 2.5982049 -2.8482757
 5.2392607 2.2793052 -1.465264
 -4.6998477 0.5913026 0.33684427
 4.770596 -3.0646687 0.3455652
 -4.9414353 -0.039251 0.21205081
 3.4691355 1.9562906 3.1272624
 5.7512245 -1.3571758 0.28107527
 2.645062 2.0590212 2.8763068
 0.15156835 3.3775406 -2.712223
 -4.7328477 0.4425202 0.7900201
 -1.4764385 -3.0504105 2.1784325
 -1.4918926 -2.6607423 2.604661
 -1.3125062 -3.330263 1.1982169
 -1.0797033 -2.4769402 -2.7141647
 -2.3278105 1.745736 -2.294355
 4.850767 -2.944226 0.21420825
 -4.8334713 -0.20574543 -0.34288144
 -1.7340858 2.778342 1.2500513
 4.153437 2.7993898 2.3544552
 -4.758955 0.47085974 0.19476545
 3.5807009 2.902121 2.4117467
 -4.86954 -0.98508126 0.044265054
 6.2275314 -0.53178835 0.16339433
 -4.7903204 0.24768624 0.8990267
 0.57755 3.5263228 -2.6672711
 3.5126612 3.0969548 2.0652301
 3.1771536 3.6950495 -0.10856163
 1.0670123 2.339607 -3.0261624
 -1.009615 -2.5973833 -2.562698
 -2.7189198 -2.3954642 -2.0178018
 -1.3509848 -2.7461653 -2.4321065
 -1.3933496 0.9621506 3.1395137
 -1.732216 -3.2912958 1.7722197
 0.32172167 -4.4036536 -1.2361584
 -2.1797884 -2.6824017 -2.230868
 -1.4226161 -2.1156118 -3.0259004
 -2.4626927 -3.0397832 2.0700214
 -0.94795233 3.306165 1.7841806
 -2.092368 -3.0681226 2.1863103
 2.3088236 2.2078035 2.5484567
 -1.4654222 -2.8555763 2.418781
 -0.2870895 3.2287583 -2.6146772
 -2.3521442 1.8661788 -2.1394134
 -1.6866554 -2.5863514 2.6927328
 -1.1243471 -3.2558715 1.3238114
 3.6386514 3.0225635 2.207715
 -1.1429636 -2.7922173 -2.3248055
 -2.28493 1.8442171 2.3788486
 4.3671246 -3.528728 0.008927155
 3.375827 2.6612353 2.6920724
 -1.8707014 -1.7542833 -3.1297722
 5.109751 2.0100803 -1.7844504
 -4.7005615 -0.44663104 -0.6298746
 2.7579145 4.067005 0.7656562
 0.65636575 2.3856587 -3.0832834
 -4.58015 0.4991992 -0.36821887
 4.576762 3.0303016 -1.157359
 4.9843903 -2.6289492 0.16163063
 -4.7531357 -0.83629894 -0.4378158
 5.119194 2.204914 -1.6646051
 -2.1797242 1.574992 2.743731
 4.6337743 2.7610767 -1.560846
 -1.7188348 -3.0964618 2.1654415
 4.273964 2.2226264 -2.1386254
 4.472407 2.8815193 -1.502919
 3.817953 2.8992314 -1.6410279
 -1.2051533 1.6819723 -2.7109885
 2.749257 4.159108 0.25571612
 -4.8156857 0.32207745 0.6597918
 6.0632634 -0.47510937 1.4229124
 3.0143607 3.7517285 0.938015
 -0.830166 -3.9785619 -0.902144
 -0.7077548 2.8421063 2.181745
 0.99991196 3.1649947 -2.8463192
 -1.8602306 -2.459228 -2.697051
 5.6291227 -1.4315671 0.13220519
 -0.6499106 -4.201735 -0.36915118
 4.285856 -3.4366245 -0.5407383
 5.523424 -1.1517146 1.613633
 -4.8784304 0.20163462 0.51789814
 -1.8104683 1.9363203 2.3670428
 3.438826 2.976512 2.3001912
 -0.38245603 2.4033709 -2.8158596
 -2.2674134 -2.9937315 2.2378638
 5.4954295 -1.4209397 1.2569816
 -1.2675773 1.3978702 2.8676581
 4.185075 1.5176816 -2.3467855
 3.7479568 2.8277297 2.4860754
 0.25691515 -4.4815874 0.104599185
 -2.352966 -2.5619588 -2.263886
 -2.0012338 2.3940017 -1.2835354
 3.6448612 2.8248405 -1.7113863
 4.173793 3.1967962 -1.0259712
 -0.7572174 -4.03524 0.034179725
 -0.08954957 -4.332805 0.28846508
 3.7374666 2.7043974 -1.8491533
 3.981717 2.4380617 2.8008068
 -1.2912903 -2.2360544 -2.9452646
 -0.45224482 -4.070665 -1.3500352
 -0.9137588 2.916497 2.0565488
 4.8635616 -2.869835 0.44615772
 3.9213312 2.7787888 -1.7803996
 -1.1833644 -3.227532 1.595491
 -0.494197 -4.145056 -1.166097
 2.643012 3.659625 1.4968407
 0.282078 -4.478045 -1.0305463
 -0.2701754 -4.258414 0.2894768
 0.8500102 3.285437 -2.8112724
 3.2505355 1.520571 3.207901
 3.0695703 2.6151836 2.67688
 -1.7665279 2.3302379 -1.8418294
 3.256779 2.6760578 -1.7430761
 1.086314 3.5546625 -2.5605006
 4.373991 -3.5003881 0.44103187
 -0.9101904 -3.7093365 -1.2414539
 -1.075039 3.380556 1.614007
 5.0557356 -2.3136725 0.102141574
 4.428041 2.1021833 -2.1498933
 0.94197094 3.6751053 -2.4912777
 4.533977 -3.2311633 0.7650448
 4.125919 2.6789474 2.5210552
 -2.1887326 -2.8311837 -1.8719058
 5.040608 -1.513043 1.5469265
 5.254592 2.0844712 -1.5899814
 3.9635105 1.9534013 -2.2899091
 2.5787613 3.5391822 1.636871
 3.7064729 3.140117 -1.2263153
 4.0117664 -3.5181003 1.0345215
 -2.3446355 1.9866216 -1.9775834
 5.0143294 -2.3597243 0.5099872
 -1.7158985 -1.874726 -3.1179547
 3.408536 1.6410137 3.2051845
 3.0696745 2.8100176 2.4629273
 3.1010818 3.8438318 0.30237168
 3.3048549 2.3459582 2.931596
 -1.1263405 -3.6916244 -0.36602408
 -2.313354 -2.2927334 -2.6178336
 -4.607267 -0.5670739 -0.7580182
 -2.3530245 -2.785132 -1.7208478
 3.5641432 1.7614566 3.1815686
 1.0545331 3.3598285 -2.7195404
 -0.6103437 -4.1096315 0.15691712
 -0.052369386 2.672596 -2.9398992
 -1.7458235 -2.9976783 -1.767847
 -0.36625153 -4.3505173 -0.1491276
 4.2542715 -3.202824 1.215836
 -0.56036925 3.27481 -2.3732119
 3.489895 2.7816777 2.5698142
 -1.2259055 3.5293386 1.2378561
 -1.6469824 3.2424011 0.7980973
 -2.2836924 -3.114174 2.044831
 -1.8394144 2.3762896 -1.656558
 2.6815894 3.780068 1.346277
 2.7657387 1.6693532 3.05879
 -2.0265307 -1.6338406 -3.1193469
 0.08862715 -4.407196 0.2325099
 -2.43232 -2.3671248 -2.4442239
 0.3708092 3.7672086 -2.4190798
 5.513383 -1.5520098 0.27001333
 -1.7393358 3.1219583 0.6749094
 2.8982508 3.9926143 0.6395645
 -0.09712342 -4.31155 -1.2339072
 -4.5648904 0.3787564 -0.52153057
 -0.91886806 0.81336826 3.0228162
 -1.0135876 -2.494248 2.5348508
 -4.434137 0.6940332 -0.38548037
 4.3999624 -3.4259973 0.63038474
 3.3111584 2.2403386 -2.0849345
 -2.0481255 2.34795 -1.4728938
 -2.0012102 -2.5336194 -2.559617
 4.9417467 2.789416 -1.2145715
 -1.0644113 2.7960544 2.019143
 0.4314381 -4.524097 -0.9045075
 4.5563307 3.1046927 -0.9756954
 -0.9644591 -3.8581185 -0.8170989
 -1.9151546 1.8158776 2.5352552
 -0.8813619 -3.9608493 -0.119386576
 -2.4571533 -3.2983809 1.2886753
 -1.6129314 -3.3869414 0.98038584
 -1.0717235 -2.1616635 -2.962699
 3.3158865 1.8358479 3.1565099
 -4.9631577 -0.50331 0.6601857
 2.6969645 1.8641872 2.9785843
 0.92846024 2.9701605 -2.944517
 -1.898551 -2.5119603 2.7490447
 4.181791 2.5379033 -1.9631233
 -2.4227073 -3.1602259 1.8676898
 -1.3335102 -1.9207778 -3.1231837
 -0.5105797 2.5238137 -2.7226832
 -4.562564 -0.056963153 -0.77079666
 -1.0312302 1.0082022 3.0030103
 3.42562 2.4351726 -2.0045292
 -1.7253913 -3.3656871 1.502203
 3.5407724 2.3147297 -2.1066945
 3.0020964 1.5949621 3.1508374
 4.818429 2.2509658 -1.8861676
 0.11857636 -4.357602 -1.2667689
 2.8280897 3.9465623 0.9212351
 -1.5789996 -2.8949475 -2.150009
 0.77044237 3.6007142 -2.5943437
 4.7198076 2.8354678 -1.3895497
 5.78912 -1.3288364 0.7566376
 -0.414754 3.4696438 -2.3351684
 -0.24315774 2.282928 -2.891648
 -2.6033332 -3.0858347 1.8687016
 5.937743 -1.1340023 0.8594632
 -1.9745383 2.0149612 -2.252189
 -0.83891606 1.2490878 2.7631288
 -1.7010425 2.9731762 1.1366522
 0.62901616 3.2110462 -2.8710136
 0.6894586 2.8957696 -2.997603
 4.21433 -3.5570674 -0.38263872
 -2.090915 1.185324 3.0456293
 3.8516018 2.5839546 -1.9595777
 -4.3739243 -0.29784876 -1.0235547
 6.1460905 -0.54950047 1.1892246
 4.885711 -2.4057758 0.8975179
 -4.927798 -0.69814396 0.7529658
 4.545027 -3.3055544 0.5582634
 1.153989 3.0445516 -2.8575869
 5.845503 -1.2827847 0.45592076
 0.3970927 3.136655 -2.8964136
 3.8147771 -3.7873256 0.6166645
 0.21509059 1.9215996 -3.002014
 0.96959597 2.1447732 -3.0389903
 -4.6322045 0.6656936 0.12696794
 -0.020574592 1.8472085 -2.9181347
 4.620283 -3.0363293 0.89569163
 4.5140805 1.7869067 -2.2213917
 -2.3958056 -2.7107408 -1.8963288
 3.5555985 3.0657258 -1.3374072
 -1.2369664 -1.725944 -3.1896708
 6.213841 -0.6522311 0.31856063
 -0.30732706 -4.2654986 -1.1378274
 3.8698232 1.7585672 -2.3413234
 3.6157317 2.0767334 3.076626
 -0.15192911 2.4777622 -2.9275677
 0.091664866 2.552153 -3.0045452
 -4.8895493 -0.06759044 0.86679006
 -1.168504 3.4549475 1.4298643
 0.9110228 2.4600499 -3.0544794
 -0.80540144 -4.052953 -0.7077079
 -0.27906716 -4.1911077 -1.3170172
 0.025914237 -4.453248 0.049286336
 -4.840655 -1.1338634 0.5282783
 0.49814504 2.5061014 -3.0745497
 -4.8866253 0.03514018 -0.03292784
 1.2400286 2.729275 -2.9290855
 -4.476758 -0.17740595 -0.9032143
 5.4675126 -1.5697219 0.8899012
 -4.7023244 0.42480808 -0.17185189
 -1.4692831 -3.0153906 -1.8183583
 5.076071 1.8152462 -1.8884028
 0.34280047 2.6265442 -3.0452466
 -2.1172516 -3.1885653 1.9717941
 -1.595505 1.3518184 2.9704194
 -2.5011177 -3.2062774 1.6704807
 -1.3510679 -3.1991925 1.8414536
 -4.5337143 0.74008477 -0.06424859
 2.4899542 4.0953445 1.0875148
 3.0059552 2.1050727 3.0018492
 2.9207852 2.6895747 2.5448225
 0.38476828 -4.573691 -0.35597992
 0.05072955 -4.1627684 -1.5624094
 5.608506 -1.2261057 1.4223614
 -1.8837919 2.8066816 0.6330038
 4.0480323 -3.5924916 0.85364884
 -2.1138108 -2.905575 -1.6994724
 -0.7694972 -3.8297794 -1.3063886
 3.9851575 -3.7412739 0.50018716
 -0.74387 -2.6430302 2.1946626
 4.944689 -2.7033403 -0.07923641
 3.851502 -3.7129345 0.7986521
 4.967544 2.130523 -1.8464166
 -0.6849569 -3.7553883 -1.5030038
 2.985648 3.9642744 0.1883985
 3.332183 3.050903 2.151315
 4.3647966 3.1507444 -1.0361185
 -1.565385 -1.9951689 -3.0834212
 -2.0686495 1.6996844 -2.5128675
 -1.7821449 -2.8488958 -2.1806197
 -4.8540363 0.2760258 0.27649358
 -2.1656957 1.94057 -2.2144766
 4.2159266 2.9275708 -1.5514947
 -2.0862586 -3.390484 1.0838164
 -0.46408468 2.208537 -2.7616801
 -1.8180282 -2.7067943 2.608871
 4.663289 -3.2134511 -0.07349166
 4.1805058 -3.3976579 1.0470873
 0.462408 1.9959909 -3.0509593
 5.2809186 -1.4669913 1.4323186
 -4.5703073 0.619642 -0.21461852
 4.8693323 -2.657289 -0.46363053
 -2.5649893 -2.515907 -2.0656261
 -1.8599994 -3.022071 2.2791705
 -2.2923846 -1.9030657 -2.8967333
 -4.4452963 -0.49268273 -0.95644706
 -1.6848443 1.5466524 2.829184
 6.154864 -0.35466656 1.295315
 3.643277 2.5095634 -1.9995095
 6.119919 -0.8931167 0.6120053
 -4.795587 -1.1055241 -0.09255007
 3.2086668 2.9304602 2.3370118
 0.61276495 -4.495757 -0.997998
 0.263963 3.5723746 -2.5915809
 -4.941784 -0.18803327 0.7178421
 0.9077388 3.4802713 -2.6708171
 -0.9254759 1.1286451 2.8904223
 -1.2090416 2.6756117 1.9602783
 2.3092062 4.169736 1.1100004
 -1.5527974 -3.2452443 1.8400258
 0.6472793 3.7211566 -2.4880931
 4.4353323 -3.3622334 -0.41349784
 -0.8630768 -2.5686388 2.3736982
 -1.803134 -2.9232872 -1.989875
 -1.8884885 2.4400535 -1.1314213
 1.0843335 2.8497176 -2.9477024
 -1.4836411 -3.347975 1.4298024
 -0.7447717 -4.127344 -0.52762413
 -2.6150358 -2.051848 -2.5592232
 2.464347 4.307891 0.4766901
 0.5584162 2.1908247 -3.0795815
 -0.41357762 2.7186477 -2.7519205
 4.870514 -2.7777314 -0.30843484
 2.32182 4.0492926 1.295049
 5.020838 -2.3880637 -0.14902541
 -0.09528555 2.1624854 -2.9486432
 -1.1483452 1.2030362 2.952969
 5.833603 -0.71599495 1.6321601
 4.272706 2.4841135 2.6311178
 -1.1233758 1.6387558 2.5879068
 -0.06148167 3.7388692 -2.2930021
 -4.7339745 0.5169114 0.5598037
 4.6340947 -3.0469565 -0.55714774
 5.931588 -1.0596112 1.0757883
 -2.460124 2.0326734 -1.7145659
 -1.633563 1.0365417 3.1434777
 3.3295202 2.5556154 -1.8830389
 2.2351005 3.8084075 1.6105714
 -1.2281162 3.2601137 1.5878314
 5.881668 -1.1162902 -0.0064978004
 -2.18152 2.3196106 -1.2067585
 2.6241107 4.2334995 0.385706
 4.6349173 2.1765747 -2.0318322
 3.742045 3.0196743 -1.4618833
 -4.738462 -0.64146507 -0.5388611
 -0.71254647 2.4494224 -2.5657418
 -2.1569297 -2.4131763 -2.6050737
 -1.1466397 -3.153141 1.7774786
 -2.527466 1.7917876 -2.029219
 -2.2994158 2.1070645 -1.8113683
 -4.974061 -0.30847606 0.5628414
 2.8392835 4.0847173 0.09678571
 0.15489784 -4.5063844 -0.8539963
 4.6393676 -3.259503 0.25296462
 3.9707656 3.1684566 -1.1696992
 -0.5315989 -3.8758307 -1.530373
 -2.009589 -2.3387852 -2.7501707
 0.37173814 1.8011569 -2.9969718
 -1.0748515 -3.6632848 -0.93092674
 3.6537895 2.3920102 2.9035683
 -0.044379495 -4.2371597 -1.4064676
 5.555008 -1.3855153 -0.14294125
 -0.97832566 -3.8864584 -0.2984356
 4.360486 2.8071282 -1.6541388
 -1.7258943 1.2313757 3.0523386
 -4.6380963 -1.1515758 -0.44442648
 2.4944093 1.9385785 2.838901
 4.8230534 2.4457998 -1.7452317
 -0.32309517 2.088094 -2.8336167
 2.6423545 4.187448 0.61610585
 -1.3729192 3.1396704 1.5353153
 2.2887626 4.3362303 0.70500165
 2.9202037 1.7897961 3.088047
 -0.005561337 2.3573194 -2.98842
 -2.3354368 -2.6784544 2.54918
 0.53913045 3.0162122 -2.9576352
 4.328585 2.4174602 -2.0118468
 -2.44226 -1.7826228 -2.8570395
 -4.629527 0.063479654 -0.628714
 3.1591768 1.715405 3.1642997
 -2.3072436 -3.2806685 1.628511
 4.211337 -3.6491706 0.11463273
 6.039748 -1.0135596 0.74336225
 -1.9375038 -3.1425138 2.093706
 -4.9202404 -0.2801366 -0.10247152
 -0.98637533 -2.958307 2.013348
 3.2449684 2.5407922 2.7831247
 3.0763745 1.9102389 3.095839
 -1.2900734 -3.3019233 1.4174948
 -4.9761434 -0.2340849 0.30697197
 5.191064 2.4741392 -1.3294158
 5.672616 -1.0312717 1.572499
 3.1583796 2.2255156 2.978778
 -4.934935 -0.38286722 0.8162299
 -4.731676 -1.300358 0.014997162
 4.738754 -2.9158866 0.7974773
 -0.66426814 -4.0246134 -1.1517754
 0.8448304 2.7753267 -3.0161133
 -2.5136425 -3.2523293 1.4709158
 4.756017 -2.9725657 -0.36683604
 5.013256 -2.5085065 0.0079801865
 -2.6702185 -2.321073 -2.2202394
 -4.8294125 -0.9106901 -0.1999081
 3.815465 1.6870655 3.169962
 4.3883047 -3.3516061 0.827217
 -4.807225 0.22997412 -0.109673664
 -4.878827 -0.4005794 -0.25549597
 -0.81819856 -3.9041705 -1.103951
 2.6108682 2.448689 2.6039386
 2.7851982 4.1130567 0.50428796
 -2.1290817 -2.7528458 2.5413227
 0.29620948 2.941821 -2.96047
 5.3665514 -1.2721574 1.6262771
 6.050248 -0.66994333 1.3118446
 -2.6020672 1.9582821 -1.5832093
 -1.9483895 -3.4011114 1.2232448
 3.505518 1.4461799 3.2284684
 0.055468343 3.4979835 -2.5907326
 -4.881253 0.15558295 0.12339784
 -0.7110197 1.0542538 2.7927792
 0.5724762 -4.5772333 -0.4524029
 -4.70288 -1.2259668 -0.21632776
 -1.4207536 1.6075811 -2.759564
 2.851066 1.9846301 3.0015028
 -4.9038486 -0.5777012 0.90928316
 3.3341398 2.856069 2.4684038
 6.3013477 -0.38300607 0.6558078
 2.8930044 4.0103264 -0.08270059
 3.1217294 3.0048513 2.178681
 -4.4982524 -0.6875166 -0.8726365
 -4.794622 0.35041693 0.04475303
 6.007906 -0.86477727 1.1952744
 -2.373663 2.199168 -1.3140975
 -4.742256 -1.0311329 -0.32940632
 4.313029 3.001962 -1.3985579
 6.177993 -0.77267396 0.4692191
 3.1882858 3.723389 0.4328584
 3.1450677 3.6773374 0.7685444
 -1.4806939 -1.800335 -3.1715107
 -1.0185561 -2.6890821 2.3758569
 3.5807114 2.945283 -1.5432447
 -1.7192681 -2.579671 -2.6104712
 -4.8654013 -1.0134207 0.6816009
 6.0026836 -1.0879507 0.52675474
 4.0765715 -3.7235618 -0.0057593454
 3.441606 2.4664013 2.859681
 5.8894353 -0.98522 1.2934887
 -1.5893279 3.093619 1.2428157
 -4.8665733 0.12724352 0.7632606
 3.7523677 2.1971762 3.004932
 -0.87823534 -2.402549 -2.720784
 -4.812634 -1.1799152 0.14624865
 -2.0226662 -2.632403 2.6568227
 -0.9007425 -2.763473 2.2073066
 0.71581566 2.0703819 -3.0634813
 -0.6162374 -3.950222 -1.3442224
 -1.0772719 -3.737676 -0.7101834
 -4.6798124 0.5452509 -0.019578971
 4.216023 2.732737 -1.7835842
 -1.710588 -3.3940268 1.2997041
 -1.2499973 3.0652795 1.728699
 -4.55147 -0.37223992 -0.8386555
 -0.32057053 -4.3965693 -0.35138005
 -1.7956817 2.8527331 1.0141324
 3.381308 2.1511245 3.044821
 -1.6685936 1.8619292 2.4785984
 4.7941117 -2.5262187 1.0251153
 -1.8210473 2.9271245 0.77489746
 -1.6003634 -2.9760194 2.3136547
 5.955575 -0.5955522 1.536063
 -1.3795922 2.7500029 1.7806568
 -0.97270584 -2.717826 -2.384792
 4.2180643 2.0483937 2.9361584
 -2.1390147 -2.0235085 -2.913334
 -0.34990495 -4.304466 0.07045105
 -2.4827518 1.5289402 2.657143
 0.24689926 -4.5630636 -0.4954083
 -1.6303108 -2.7811852 2.5285003
 -2.5169587 -2.441516 -2.258073
 2.3169677 2.0129695 2.6727498
 -1.1825769 1.5183129 2.7368295
 -1.7856123 2.0893524 -2.2510448
 -1.738209 3.0475674 0.9051258
 -0.6741801 -4.0990043 -0.959777
 2.6159215 1.5489104 3.0089378
 -2.0404313 1.6954346 2.6579297
 -1.9996724 -2.8772354 -1.9639122
 -0.19055247 3.1083155 -2.7348485
 3.1023872 2.4203496 2.8455148
 3.93224 2.7533386 2.522613
 -1.5336571 3.362844 0.90385604
 5.932441 -1.1623418 0.32430536
 3.714311 1.8818994 3.1372352
 -2.3949182 -2.6363497 -2.0799477
 4.096116 1.927951 3.0323296
 -1.4969267 1.1569846 3.0717835
 -0.6903056 3.079976 -2.3784604
 -1.515923 3.2884529 1.1168694
 2.6144674 2.2538552 2.7517748
 -2.5090446 2.0787249 -1.4418669
 -0.76541156 -2.9866467 1.6505111
 -2.173961 -3.3727717 1.2633824
 -2.1802917 -1.5133977 -3.087382
 2.4572482 2.328246 2.5890808
 -1.3443766 -2.5402997 2.652269
 -0.8176359 -2.8378642 2.025914
 -0.035378113 -4.460333 -0.85930395
 4.6679935 2.5662425 -1.7462051
 0.15919688 -4.545351 -0.3158422
 -1.4842743 -2.8205564 -2.3103
 3.2048054 2.3607812 -1.9736836
 0.41306168 -4.5559783 -0.16610625
 3.2510207 3.6489978 0.22601278
 4.5829296 1.9817406 -2.138144
 4.2761574 1.7125156 -2.30554
 -0.28801143 -4.33989 -0.95805514
 -0.8062911 0.93381107 2.914999
 0.04063621 -4.4992995 -0.1397305
 -2.275952 1.6252934 -2.4399407
 -2.08219 2.3656623 -1.0311728
 -1.2917755 -2.866608 -2.2186255
 -0.2085691 -4.1167164 -1.4884737
 -1.9978447 -2.802844 -2.147758
 4.8769383 -2.6006098 0.7914275
 -1.288362 0.7673167 3.1774986
 4.5843606 1.4716301 -2.2372844
 -2.127565 1.9646598 2.2455325
 -2.22501 2.273559 -1.416502
 -2.2726068 -2.4875674 -2.4410663
 0.49230295 3.331489 -2.8003774
 -2.7300775 -2.126239 -2.3628352
 -0.94289905 2.4063864 2.18918
 4.7669477 2.9098587 -1.2095171
 5.5018826 -1.4953309 1.0694818
 -2.17962 1.7698258 2.529779
 -4.713268 -0.1313543 -0.567302
 6.117794 -0.8470651 0.24218786
 2.47587 4.2618394 0.68663347
 -1.3998048 3.4832869 0.9877821
 4.848642 -2.8981745 -0.15560919
 -4.7764406 -0.32618824 -0.49063325
 2.8036208 2.7639656 2.391677
 5.745485 -1.1906813 -0.16912617
 3.5234 2.2715673 2.985487
 5.9032464 -0.99584734 -0.15935071
 -1.0944841 -1.8463867 -3.1274664
 -2.6131914 -1.857014 -2.6857085
 -0.93785053 -3.93251 -0.61289424
 4.542472 -2.9619384 1.1086212
 -4.9770527 -0.54936165 0.24643295
 -4.920463 0.081191845 0.3675954
 -0.25620848 -3.9218826 -1.6912231
 -1.1015724 3.1857224 1.7693229
 -1.0626063 -2.883916 2.1871033
 2.7665427 2.5691319 2.5902915
 -1.8128214 -3.216905 1.9580386
 -1.1750759 -2.8095245 2.347275
 2.9007478 4.038666 0.35932034
 -1.8719349 2.7322907 0.8783663
 -1.9303297 1.8945183 -2.4099565
 5.699432 -0.8364378 1.7086548
 -4.9412847 -0.15969379 0.054356083
 4.934361 -2.749392 0.3087728
 -1.7606817 -3.404654 1.1268218
 -2.0406275 1.8902686 2.4038632
 -0.07632986 2.9878726 -2.8394248
 3.2088633 2.7356262 2.5910783
 -4.431915 0.5735903 -0.5397416
 -1.443491 -2.6257226 -2.5944424
 -2.1312294 1.8201272 -2.3702903
 -1.390388 2.9448366 1.6648033
 2.490209 3.8544588 1.4223108
 -4.3516836 0.33270475 -0.8362733
 0.5439013 3.8416 -2.3487215
 6.0334587 -0.8010134 -0.1228451
 -2.349949 1.9186081 2.2101822
 5.1020575 2.6689732 -1.1831744
 2.6906114 3.9005108 1.1875762
 0.4934032 -4.4497056 -1.1450632
 0.16001806 3.0622637 -2.8860452
 4.974449 2.325357 -1.7171692
 -2.0917573 -1.8286746 -3.028289
 -1.7614883 1.6536329 -2.6714096
 5.5554237 -0.95688057 1.7630186
 2.597892 4.1413965 0.8557082
 -1.241853 2.8704455 1.852992
 3.9609325 1.8075083 3.1106472
 -2.4092655 -2.7988977 2.4087386
 2.4629774 2.1334124 2.723851
 -1.5201883 2.8243937 1.5800558
 -1.8270301 -3.3975692 0.943329
 -2.3266716 -3.3444324 1.1468176
 4.668591 -3.1851115 0.46166623
 6.193015 -0.62389165 0.9485143
 -2.3945785 -1.5877889 -2.9559011
 -0.18048473 -4.4249086 -0.10830883
 -1.371633 -3.2735837 1.6465825
 -2.1652994 2.0390508 2.062628
 -2.0968463 -3.3550596 1.4877019
 4.7716675 2.9842498 -1.0277516
 4.459981 -3.454337 0.17346272
 -1.5349839 0.8417077 3.2040868
 -0.18588148 2.7930388 -2.8569367
 5.831811 -1.2367331 0.14170113
 -2.2070498 2.2275074 -1.6429555
 0.34331647 -4.552436 -0.7348797
 -4.8048935 0.3964686 0.4230997
 4.4302797 -2.887547 1.3108578
 3.538015 2.6300063 -1.883887
 3.7942994 2.9481726 2.3004894
 0.61826015 1.8755481 -3.0301585
 -1.7593992 1.7414863 2.6366658
 -1.4272112 -3.3586023 1.0353824
 4.1217136 -3.6952221 0.3287359
 -1.7549378 -2.901628 2.4213574
 4.049629 2.148235 -2.2113461
 -0.09895112 -4.3859415 -1.0500615
 -1.8667089 -3.3373475 1.6366552
 2.8611403 3.8261197 1.0789988
 -2.2969084 1.2597153 2.947791
 -1.973477 -3.2629564 1.843304
 4.7227283 -3.0930085 -0.21653749
 -1.1960139 -2.0412207 -3.0534313
 4.7940726 2.6406336 -1.5812176
 5.4042172 -1.0773233 1.792669
 -2.585678 -2.2466822 -2.4168544
 0.26672065 3.257098 -2.814388
 -1.449642 1.9228578 -2.5160336
 -4.9461927 -0.47497052 -0.00796169
 -1.0129842 -3.1814804 1.4790136
 -2.3170562 -2.0978997 -2.7687387
 -2.4680963 -1.9774568 -2.7388847
 -1.8348247 -2.2643943 -2.871347
 -0.12399532 -4.4709597 -0.29054934
 -1.0513219 -3.7660155 -0.16054863
 -1.5249846 -3.3763146 1.2430093
 -1.3904272 -3.1248016 2.019671
 -4.5261436 0.2583136 -0.6713426
 -1.3355066 1.8024149 -2.6264577
 -1.580735 1.6670953 2.7053351
 -0.9501093 -3.0326982 1.8324754
 4.0667176 2.5585046 2.669978
 -1.9171116 2.0107117 2.2181664
 3.8761208 3.0940652 -1.338824
 -0.41036814 3.0339243 -2.641748
 -1.1754532 -2.3564973 -2.8414295
 5.9085197 -1.2083936 0.65076166
 0.46341473 3.6467657 -2.556847
 -1.7908655 -1.5594494 -3.203226
 4.0640917 1.6126742 3.1215525
 4.7874894 2.0561318 -2.005721
 4.083882 3.0480137 -1.3986152
 -1.9833046 2.135404 -2.0765948
 3.9670858 2.9736228 -1.5361688
 5.0440073 2.594582 -1.3801541
 -4.7936893 -1.2543063 0.38112462
 4.882748 1.7408551 -2.0495505
 -1.6280026 2.8987849 1.3635558
 4.66658 1.6664639 -2.1817124
 5.938175 -0.79038614 1.4185429
 -2.6457853 -2.9653919 2.05138
 -2.212786 -2.8732884 2.4021127
 4.286271 -3.00799 1.3652216
 -1.9823033 1.5792416 -2.640564
 -4.957671 -0.7441956 0.34458888
 4.2025123 2.0277925 -2.236823
 -1.462106 3.2140617 1.3294123
 -4.9125934 -0.9390296 0.43972117
 -2.5749013 -2.5902982 -1.8736278
 -1.5591552 -2.5052798 -2.7184317
 -0.6250792 2.6442564 -2.6137958
 0.8144988 2.2652159 -3.0713573
 -4.900815 -0.5954133 -0.15977931
 0.75295293 2.5804927 -3.0621872
 -4.8731136 -1.0594724 0.28892508
 5.7557154 -1.105663 1.370433
 -1.3290477 -2.9299676 2.2836714
 4.564451 -2.7671041 1.2343631
 -1.2266859 -3.0043588 2.127956
 -4.385043 0.017427988 -0.9489492
 -4.4036922 0.45314756 -0.691019
 -0.064435974 -4.4886723 -0.6292908
 -1.8407018 2.4223413 -1.4661896
 4.4865627 -3.1567721 0.972636
 -0.81809866 -2.522992 -2.570803
 -1.9333874 -2.827237 2.498127
 4.0002546 -3.7696135 0.19121335
 -1.9370627 -1.9491173 -3.030954
 -1.6186433 -2.969339 -1.944397
 4.562659 -3.2878423 -0.2560959
 4.7810965 -2.7210526 0.9140474
 -0.3061132 2.9134817 -2.757007
 4.3599706 -3.482676 -0.26559186
 4.5763507 -3.333894 0.05812371
 6.2572174 -0.50344884 0.80635166
 -2.3279727 1.4545491 2.7972574
 0.23631163 -4.5276394 -0.09152293
 -1.012122 2.6012204 2.1143727
 -1.9853361 -2.1439514 -2.9053588
 -1.6374192 -2.190003 -2.964381
 3.0931387 1.4001281 3.189836
