    0.1310601546
    0.1199708616
    0.1222329581
    0.1181844311
    0.1249724436
    0.1245051739
    0.1133052920
    0.1289564797
    0.1144809463
    0.1265265825
    0.1271436848
    0.1300764107
    0.1298581713
    0.1321584137
    0.1248359462
    0.1289043627
    0.1233066270
    0.1225560424
    0.1250217662
    0.1207098208
    0.1065438555
    0.1214635166
    0.1236017573
    0.1337688987
    0.1231452632
    0.1292329623
    0.1270031363
    0.1274867751
    0.1283045606
    0.1141491022
    0.1042707248
    0.1050796138
    0.1252799840
    0.1276159324
    0.1202415606
    0.1212934175
    0.1239489576
    0.1259460601
    0.1230385944
    0.1241586112
    0.1228976154
    0.1277830904
    0.1283976077
    0.1149383650
    0.1240432501
    0.1196485390
    0.1087788278
    0.1290118858
    0.1225976332
    0.1264447341
    0.1272848878
    0.1232692344
    0.1086038807
    0.1126862305
    0.1006991260
    0.1314298310
    0.1252217605
    0.1289117747
    0.1311584209
    0.1235364280
    0.1223130221
    0.1253041170
    0.1245801731
    0.1036845743
    0.1264788708
    0.1277753246
    0.1217994170
    0.1019350660
    0.1263313985
    0.1303256733
    0.1212275939
    0.1210447391
    0.1102006855
    0.1209102237
    0.1314454429
    0.1188387214
    0.1281097336
    0.1253696312
    0.1274496438
    0.1249522225
    0.1256031009
    0.1240761246
    0.1071914275
    0.1298739038
    0.1132043972
    0.1248629402
    0.1112230846
    0.1306389606
    0.1319061639
    0.1132963350
    0.1242923357
    0.1230867006
    0.1340815911
    0.1213670896
    0.1066801225
    0.1256196032
    0.1213163202
    0.1124775468
    0.1257958651
    0.1000359539
    0.1208937430
    0.1230090084
    0.1244372640
    0.1268534814
    0.1201533110
    0.1276031322
    0.1284737031
    0.1267970773
    0.1315386750
    0.1235194073
    0.1005796943
    0.1208600897
    0.1246389612
    0.1306414811
    0.1301056840
    0.1129757551
    0.1321433008
    0.1300332794
    0.1227293722
    0.1054579526
    0.1357019623
    0.1269177804
    0.1312137326
    0.1271231529
    0.1019161916
    0.1244055598
    0.1266350201
    0.1060722466
    0.1060328175
    0.1310154092
    0.1269136884
    0.1300615311
    0.1319135024
    0.1310811174
    0.1298499548
    0.1248991336
    0.1270127783
    0.1236767835
    0.1001158868
    0.1131303192
    0.1273465957
    0.1253707247
    0.1240789327
    0.1191041587
    0.1239632249
    0.1211297457
    0.1342350888
    0.1254075274
    0.1224374002
    0.1196721187
    0.1222230740
    0.1221475432
    0.1230144544
    0.1254029140
    0.1253488916
    0.1273652846
    0.1230153276
    0.1044928894
    0.1258524869
    0.1238467161
    0.1254734027
    0.1169839176
    0.1287638253
    0.1249276275
    0.1318713464
    0.1036712167
    0.1240500868
    0.1282339560
    0.1323946058
    0.1245633901
    0.1183690342
    0.1239975974
    0.1245235506
    0.1242257366
    0.1348248129
    0.1305601548
    0.1243590690
    0.1297239903
    0.1243621587
    0.1015945865
    0.1192062786
    0.1233406388
    0.1210851980
    0.1225158782
    0.1279140771
    0.1319235192
    0.1266915665
    0.1309045816
    0.1245288241
    0.1207062163
    0.1286322851
    0.1272594188
    0.1232059578
    0.1351903916
    0.1236446072
    0.1251362070
    0.1182040644
    0.1233489291
    0.1270191579
    0.1298144773
    0.1286856289
    0.1233649206
    0.1234862023
    0.1235019534
    0.1205362203
    0.1249322195
    0.1227275395
    0.1268324771
    0.1327889410
    0.1278520230
    0.1254130080
    0.1054528047
    0.1010604468
    0.1234421607
    0.1270285018
    0.1247027160
    0.1282142520
    0.1297494329
    0.1136087949
    0.1217252734
    0.1025253605
    0.1249805828
    0.1117505801
    0.1222239030
    0.1279153058
    0.1324826714
    0.1248288319
    0.1215646078
    0.1258779058
    0.1296559232
    0.1212382355
    0.1326034925
    0.1324478060
    0.1324468075
    0.1276373924
    0.1299887014
    0.1262960177
    0.1205713978
    0.1217113273
    0.1241411577
    0.1232738893
    0.1260775425
    0.1269594476
    0.1190401400
    0.1100695871
    0.1262554110
    0.1202394620
    0.1305240060
    0.1291056185
    0.1295795293
    0.1267093013
    0.1231819184
    0.1289426427
    0.1266287586
    0.1221401601
    0.1273515760
    0.1272702350
    0.1238784701
    0.1188764705
    0.1113780421
    0.1156241402
    0.1249701020
    0.1135414040
    0.1220592439
    0.1322326366
    0.1195615694
    0.1280949742
    0.1301541112
    0.1277990083
    0.1305288150
    0.1012678649
    0.1246297520
    0.1289922243
    0.1303578294
    0.1263864631
    0.1265066084
    0.1204558480
    0.1244933777
    0.1233851270
    0.1255913633
    0.1287415546
    0.1272147516
    0.1267532811
    0.1097081397
    0.1237723995
    0.1299787505
    0.1167593347
    0.1230204955
    0.1247275406
    0.1011077806
    0.1304529244
    0.1263867225
    0.1187057734
    0.1004627217
    0.1216210394
    0.1063150389
    0.1250148575
    0.1189128915
    0.1280971549
    0.1198004198
    0.1035687815
    0.1267211214
    0.1021359060
    0.1241062797
    0.1281384688
    0.1317062567
    0.1219247067
    0.1019180665
    0.1137325136
    0.1112090642
    0.1241702459
    0.1275026416
    0.1243510259
    0.1274702616
    0.1042607813
    0.1285722798
    0.1225753924
    0.1035687764
    0.1260363552
    0.1021948435
    0.1211773122
    0.1011621132
    0.1211966465
    0.1286564129
    0.1335642137
    0.1287361025
    0.1295727794
    0.1200056799
    0.1275235007
    0.1165465861
    0.1141950918
    0.1242405093
    0.1220089987
    0.1227812465
    0.1069856925
    0.1233330072
    0.1089564981
    0.1379153800
    0.1123774522
    0.1235030319
    0.1248745822
    0.1094403164
    0.1253008994
    0.1266765321
    0.1306951801
    0.1157515411
    0.1241969911
    0.1262212061
    0.1199049608
    0.1204793943
    0.1058290108
    0.1276591151
    0.1279197846
    0.1065937049
    0.1233513359
    0.1301147172
    0.1045035809
    0.1202528895
    0.1137058950
    0.1225994343
    0.1118447568
    0.1252519798
    0.1237233476
    0.1294432101
    0.1324650326
    0.1267372474
    0.1017629528
    0.1204135791
    0.1322243835
    0.1297531725
    0.1263201955
    0.1233406238
    0.1217337983
    0.1302293236
    0.1276021876
    0.1241275996
    0.1256867349
    0.1017579512
    0.1218052595
    0.1278270500
    0.1304310585
    0.1075381514
    0.1286100258
    0.1215957575
    0.1271085555
    0.1244758639
    0.1245373026
    0.1207777375
    0.1324151254
    0.1313523623
    0.1268856645
    0.1288857482
    0.1253987864
    0.1301380692
    0.1219802079
    0.1241291906
    0.1275896051
    0.1258126361
    0.1282400365
    0.1282275776
    0.1213884991
    0.1273755113
    0.1315895290
    0.1241949283
    0.1260783959
    0.1225083036
    0.1257460606
    0.1288252396
    0.1321833082
    0.1367399141
    0.1219199846
    0.1244437026
    0.1323904082
    0.1229783089
    0.1335852812
    0.1242231659
    0.1211824785
    0.1257399769
    0.1221144186
    0.1238394612
    0.1330457457
    0.1198772683
    0.1282384720
    0.1327110941
    0.1315765170
    0.1243037122
    0.1256636221
    0.1336757607
    0.1206783381
    0.1245583610
    0.1301924576
    0.1313438522
    0.1257263552
    0.1333515426
    0.1195293715
    0.1068274927
    0.1234063157
    0.1235524848
    0.1225703317
    0.1278661565
    0.1266661515
    0.1288150572
    0.1260115121
    0.1255816914
    0.1241771087
    0.1259402727
    0.1224559369
    0.1251981963
    0.1082878567
    0.1323210799
    0.1303775120
    0.1299282656
    0.1193128057
    0.1248907742
    0.1196210728
    0.1202784393
    0.1324157730
    0.1264910775
    0.1289191977
    0.1253612073
    0.1071394943
    0.1216090382
    0.1154180288
    0.1079421237
    0.1247589817
    0.1357584264
    0.1308823102
    0.1215332406
    0.1210903166
    0.1268725124
    0.1240200068
    0.1237851333
    0.1312591907
    0.1186381538
    0.1299233158
    0.1108994466
    0.1224025547
    0.1255950515
    0.1250955361
    0.1004001954
    0.1307606291
    0.1242386112
    0.1078445522
    0.1258153997
    0.1081457678
    0.1228737346
    0.1299602838
    0.1076605165
    0.1213751943
    0.1340077559
    0.1162278446
    0.1325086347
    0.1276497549
    0.1216377555
    0.1246947729
    0.1291635112
    0.1276055335
    0.1211083799
    0.1221716077
    0.1266686682
    0.1225861921
    0.1309315732
    0.1069352685
    0.1242294911
    0.1275349654
    0.1270426604
    0.1268649238
    0.1226513781
    0.1244149555
    0.1239643346
    0.1116922468
    0.1288684549
    0.1099953006
    0.1204437201
    0.1331099197
    0.1001498809
    0.1253416137
    0.1243195482
    0.1264871058
    0.1230149625
    0.1239852543
    0.1329562753
    0.1302028412
    0.1047093716
    0.1348979180
    0.1269564001
    0.1240698634
    0.1222228078
    0.1332657533
    0.1232534658
    0.1213946356
    0.1261683532
    0.1294854900
    0.1233004101
    0.1286174526
    0.1272512624
    0.1005242437
    0.1226882782
    0.1275262286
    0.1291142338
    0.1263695592
    0.1248357514
    0.1008076976
    0.1270297471
    0.1032043808
    0.1264109960
    0.1087317862
    0.1313462676
    0.1050398296
    0.1318813487
    0.1209021188
    0.1262665620
    0.1098388130
    0.1171393430
    0.1085302841
    0.1173085522
    0.1060762621
    0.1264498666
    0.1277928996
    0.1310774793
    0.1241637911
    0.1253970758
    0.1259268830
    0.1296541799
    0.1241428045
    0.1254778176
    0.1306162260
    0.1239082206
    0.1203370274
    0.1289973625
    0.1239942300
    0.1209800670
    0.1307586631
    0.1295062766
    0.1298168235
    0.1251631170
    0.1216348778
    0.1252445870
    0.1254197338
    0.1026438334
    0.1260023688
    0.1256920951
    0.1157107127
    0.1332244950
    0.1089040620
    0.1254563074
    0.1247418995
    0.1315698975
    0.1304707389
    0.1062341236
    0.1285104293
    0.1204910057
    0.1101610729
    0.1187276572
    0.1089225865
    0.1179534308
    0.1199064370
    0.1311835146
    0.1223794016
    0.1029044332
    0.1297189252
    0.1239896894
    0.1209826889
    0.1005928465
    0.1217728338
    0.1240976995
    0.1281617744
    0.1252399631
    0.1153735006
    0.1205674933
    0.1244421107
    0.1178010383
    0.1265422380
    0.1346682231
    0.1252373124
    0.1194895379
    0.1283862772
    0.1185271193
    0.1246259403
    0.1295917577
    0.1276067963
    0.1279164180
    0.1262663256
    0.1319990100
    0.1314955832
    0.1213493585
    0.1219175740
    0.1211158294
    0.1273848714
    0.1206823166
    0.1026402026
    0.1256623109
    0.1235337751
    0.1259367432
    0.1145880046
    0.1354455354
    0.1280822881
    0.1237808167
    0.1259086109
    0.1308456334
    0.1256912804
    0.1227703810
    0.1305888255
    0.1051029940
    0.1323438672
    0.1203919149
    0.1199939204
    0.1241389128
    0.1267947144
    0.1007741439
    0.1277363238
    0.1243512413
    0.1254822809
    0.1286246390
    0.1290837271
    0.1205799862
    0.1339267555
    0.1336361051
    0.1235001883
    0.1254412256
    0.1311161331
    0.1309408181
    0.1244543104
    0.1149464319
    0.1049828868
    0.1335675034
    0.1215051232
    0.1336919323
    0.1261456805
    0.1247505621
    0.1239386982
    0.1283362129
    0.1291946822
    0.1059172353
    0.1236669753
    0.1246982482
    0.1183559456
    0.1067648405
    0.1262739286
    0.1101932939
    0.1239472701
    0.1231793100
    0.1105527392
    0.1029758063
    0.1194879028
    0.1268047165
    0.1269619066
    0.1219667606
    0.1015390969
    0.1199498881
    0.1241472427
    0.1266492623
    0.1002035734
    0.1027537611
    0.1279159393
    0.1287489156
    0.1252823192
    0.1094461180
    0.1264373077
    0.1310625867
    0.1194289825
    0.1032242366
    0.1223315283
    0.1250694247
    0.1040429449
    0.1035643964
    0.1302673914
    0.1338620242
    0.1272955424
    0.1071754619
    0.1242027238
    0.1275916425
    0.1210765954
    0.1254970752
    0.1160777711
    0.1242029188
    0.1214609439
    0.1028603033
    0.1273215809
    0.1241448049
    0.1037325118
    0.1295849182
    0.1291607340
    0.0999399583
    0.1277358820
    0.1199504270
    0.1286710340
    0.1318301048
    0.1079872330
    0.1037320685
    0.1220871974
    0.1284634228
    0.1040399977
    0.1250427884
    0.1217918809
    0.1332368174
    0.1337414214
    0.1218010651
    0.1163555549
    0.1324324435
    0.1231745154
    0.1003684650
    0.1240962940
    0.1238631001
    0.1250270155
    0.1230926235
    0.1255999915
    0.1010680877
    0.1226754026
    0.1291792107
    0.1020152106
    0.1073990216
    0.1186840365
    0.1306656684
    0.1290097081
    0.1328216397
    0.1047851316
    0.1255421077
    0.1180513871
    0.1250601646
    0.1077136841
    0.1257234632
    0.1282696403
    0.1248313085
    0.1223147780
    0.1315240345
    0.1280622860
    0.1119248216
    0.1210786585
    0.1278262475
    0.1319157562
    0.1207485766
    0.1192948419
    0.1261316212
    0.1113628161
    0.1242138845
    0.1105716377
    0.1199419625
    0.1367808246
    0.1243760123
    0.1294879568
    0.1266401493
    0.1283291866
    0.1317490767
    0.1159801623
    0.1248801147
    0.1239808300
    0.1276550519
    0.1231633582
    0.1240635997
    0.1252977421
    0.1227211209
    0.1213594941
    0.1211182759
    0.1167052654
    0.1261138799
    0.1242447389
    0.1327457524
    0.1267665396
    0.1258809796
    0.1135411323
    0.1189046294
    0.1357290637
    0.1120906097
    0.1210981180
    0.1248080005
    0.1223550402
    0.1243816765
    0.1272571943
    0.1374141293
    0.1242646314
    0.1345087051
    0.1233191186
    0.1259415159
    0.1258291204
    0.1243492390
    0.1246720134
    0.1240517803
    0.1329110854
    0.1301151409
    0.1264228267
    0.1237940678
    0.1308615956
    0.1166028297
    0.1242751088
    0.1188986146
    0.1293431945
    0.1204579197
    0.1220162691
    0.1187612539
    0.1303107813
    0.1220572428
    0.1297250367
    0.1156321535
    0.1058060932
    0.1226881541
    0.1250110514
    0.1230873426
    0.1273082133
    0.1049773044
    0.1335420200
    0.1277377152
    0.1240653466
    0.1253048791
    0.1244576908
    0.1182474795
    0.1304973076
    0.1273295628
    0.1014476465
    0.1018861770
    0.1275148635
    0.1241070675
    0.1173157403
    0.1323093433
    0.1123068556
    0.1151779800
    0.1284237542
    0.1298209552
    0.1270395148
    0.1229533969
    0.1025000443
    0.1291685611
    0.1190101361
    0.1184578109
    0.1244801784
    0.1281045498
    0.1084276777
    0.1254138362
    0.1254923743
    0.1261878343
    0.1287113537
    0.1100469404
    0.1201546613
    0.1234938010
    0.1164046093
    0.1203847746
    0.1291004587
    0.1240193217
    0.1236168823
    0.1208004629
    0.1191856591
    0.1269340407
    0.1242180225
    0.1264107811
    0.1265178167
    0.1216451698
    0.1059833441
    0.1346163469
    0.1274845222
    0.1199206142
    0.1129096026
    0.1260044516
    0.1206831696
    0.1184159213
    0.1252897809
    0.1187609410
    0.1201474926
    0.1127749809
    0.1222682791
    0.1245329024
    0.1144725882
    0.1261349658
    0.1268269955
    0.1284184310
    0.1240845620
    0.1025650532
    0.1276138966
    0.1325254296
    0.1250113060
    0.1326861208
    0.1193496617
    0.1244655159
    0.1239167569
    0.1102046364
    0.1272024160
    0.1251485148
    0.1138844898
    0.1306590854
    0.1107273841
    0.1116655047
    0.1259476783
    0.1241347314
    0.1216470157
    0.1257551711
    0.1190627980
    0.1224393323
    0.1314302459
    0.1023975905
    0.1248636586
    0.1189867744
    0.1185125813
    0.1210297388
    0.1250217542
    0.1322377043
    0.1208072269
    0.1155639152
    0.1078666586
    0.1317895009
    0.1205494328
    0.1216001942
    0.1219318462
    0.1220370882
    0.1292966277
    0.1251500221
    0.1256957346
    0.1252017745
    0.1206896673
    0.1201989495
    0.1214419817
    0.1219953450
    0.1270620959
    0.1284225808
    0.1280133660
    0.1204893688
    0.1013572571
    0.1219497320
    0.1271542839
    0.1233141222
    0.1218861462
    0.1059296329
    0.1072035280
    0.1266086207
    0.1252284049
    0.1010971848
    0.1260306363
    0.1244765382
    0.1008763443
    0.1212720722
    0.1236704162
    0.1294887738
    0.1289665260
    0.1029852969
    0.1264979350
    0.1013921841
    0.1243516900
    0.1142888202
    0.1287716397
    0.1162572241
    0.1098866703
    0.1091301876
    0.1248188941
    0.1333506090
    0.1260945633
    0.1313389787
    0.1086121198
    0.1238753156
    0.1198518906
    0.1288590857
    0.1248979154
    0.1295788279
    0.1256355884
    0.1241775873
    0.1249772629
    0.1202386619
    0.1117503418
    0.1244038274
    0.1285049317
    0.1200592225
    0.1217560747
    0.1271246390
