    0.1129894015
    0.1026935808
    0.1278397640
    0.1211618119
    0.1161531056
    0.1211268960
    0.1227886893
    0.1165274549
    0.1181947342
    0.1160462321
    0.1139648039
    0.1189811718
    0.1173522309
    0.1153341414
    0.1187182415
    0.1184151005
    0.1134616850
    0.1225251117
    0.1175799386
    0.1178946409
    0.1119591563
    0.1156784410
    0.1220808079
    0.1205543295
    0.1281267688
    0.1127351578
    0.1154440890
    0.1125827293
    0.1111029126
    0.1224252858
    0.1180779088
    0.1298339731
    0.1303210362
    0.1223048272
    0.1133444853
    0.1193309083
    0.1140766248
    0.1156067716
    0.1213268141
    0.1136254336
    0.1197110696
    0.1188507611
    0.0991321727
    0.0956842255
    0.1195536958
    0.1159649965
    0.1188911187
    0.1161991831
    0.1142419950
    0.1177796366
    0.1151300849
    0.1141658117
    0.1155476219
    0.1115045605
    0.1175039800
    0.1024735773
    0.1051006481
    0.1126187482
    0.1155598034
    0.1164368273
    0.1221255885
    0.1239425277
    0.1154126534
    0.1071772952
    0.1217960791
    0.1158830588
    0.0960253595
    0.0969607612
    0.0954886640
    0.1115140986
    0.1276361038
    0.0995477044
    0.1195924717
    0.1145973706
    0.1252203457
    0.1037283036
    0.1070678591
    0.1153412795
    0.1162353810
    0.1230240021
    0.1163261035
    0.1325218745
    0.1188978525
    0.1134168416
    0.1150194697
    0.1184269209
    0.1236437479
    0.1163317047
    0.1128466132
    0.1182677603
    0.1163290653
    0.1310331415
    0.1262140430
    0.1118971524
    0.0955550095
    0.1194949642
    0.1166009525
    0.1192293422
    0.1147993451
    0.1141610616
    0.1268306776
    0.1111490215
    0.1160315785
    0.1120014425
    0.1172121401
    0.1173841909
    0.1157595277
    0.1248164375
    0.1116873141
    0.0976663147
    0.1160072399
    0.1177358529
    0.1169231196
    0.1113474288
    0.1219106503
    0.1140335618
    0.1194476274
    0.1143100588
    0.1229766941
    0.1053254447
    0.1240362584
    0.1169086987
    0.1258286412
    0.1197440988
    0.1245581695
    0.1159189118
    0.1153878590
    0.1269966332
    0.1155538453
    0.1232616645
    0.1174672572
    0.1126998169
    0.1129723281
    0.1165070294
    0.1254472180
    0.1193161854
    0.1157707178
    0.1118802674
    0.1275034277
    0.1136040539
    0.1303032186
    0.1147623733
    0.1042805483
    0.0942822054
    0.1232282461
    0.1192955949
    0.1177275342
    0.0951864675
    0.1203464589
    0.1190409436
    0.1129531767
    0.1190853887
    0.1225850142
    0.1127895409
    0.1052065489
    0.1301859236
    0.0978912056
    0.1152049246
    0.0964489870
    0.1178168758
    0.1167674378
    0.1153962005
    0.1114640464
    0.1142979949
    0.1204561927
    0.1177540799
    0.1161962565
    0.1048691489
    0.1152566729
    0.1157189236
    0.1106104945
    0.1186370955
    0.1171749552
    0.1058598730
    0.1158382788
    0.1177833843
    0.1311627824
    0.1243037127
    0.1214937211
    0.1252323930
    0.1173245161
    0.1179171159
    0.1350927581
    0.1161904633
    0.0982471571
    0.1139769651
    0.1150573803
    0.1155137812
    0.1262011609
    0.1159642117
    0.1262145780
    0.1169040437
    0.1048419317
    0.1158758066
    0.1036156381
    0.1143276451
    0.1113401214
    0.1119489125
    0.1022917142
    0.1153964030
    0.1190256146
    0.1212418667
    0.1180627523
    0.0943539455
    0.1180341868
    0.1198869604
    0.1185445411
    0.0976853163
    0.1259543245
    0.1143595178
    0.1155400338
    0.1173188701
    0.1153261263
    0.1210697741
    0.1061694361
    0.1128494285
    0.0989311657
    0.1167763736
    0.1143686861
    0.1136336764
    0.1149594804
    0.1179043840
    0.1196334251
    0.1191159563
    0.1299909904
    0.1217497014
    0.1118482220
    0.1138041157
    0.1150540273
    0.1182193332
    0.1127986815
    0.1081594825
    0.1264984292
    0.1222555396
    0.1193703200
    0.1154797649
    0.1225581769
    0.1181128759
    0.1119803721
    0.1118513426
    0.1157578263
    0.1114285292
    0.1239705515
    0.1175434863
    0.1336689729
    0.1180239972
    0.1384884579
    0.1212614132
    0.1055072988
    0.1155638201
    0.1133018362
    0.1309684468
    0.1164065780
    0.1248201149
    0.1180876257
    0.1072523053
    0.1160657114
    0.1139711102
    0.1204676441
    0.1181934816
    0.1146505172
    0.1169253422
    0.1117804289
    0.1189304084
    0.1170399851
    0.1066291166
    0.1210865090
    0.1212733643
    0.0990760430
    0.1021895560
    0.1164710038
    0.1255110803
    0.1143801895
    0.1305487774
    0.1205140294
    0.1158736348
    0.1247358412
    0.1279373654
    0.1001741195
    0.1209703766
    0.1238390057
    0.1208877344
    0.1260979899
    0.1175280725
    0.0966066096
    0.1234338652
    0.1143520505
    0.1170651503
    0.1217332014
    0.1236419483
    0.1037471334
    0.1362547692
    0.1194146849
    0.1134696268
    0.1242104314
    0.1134920741
    0.1263837956
    0.1165734211
    0.0988640241
    0.0993610674
    0.1199683045
    0.1189083000
    0.1151567654
    0.1071055217
    0.1157396519
    0.1107202870
    0.1047384052
    0.1021620930
    0.1165775744
    0.1009444985
    0.1167008343
    0.1133901772
    0.1027337705
    0.1199282415
    0.1174569496
    0.1226753437
    0.1019961577
    0.1286929720
    0.1189088492
    0.1003846732
    0.1164956661
    0.1142258758
    0.1209651778
    0.1121883817
    0.1248361587
    0.1165077836
    0.1208317623
    0.1161268729
    0.1210126489
    0.1169854558
    0.1229288043
    0.1167879111
    0.1202163058
    0.1172490083
    0.1174785963
    0.1160456086
    0.1201009269
    0.1178263756
    0.1007719749
    0.1240552024
    0.1128317853
    0.1194228254
    0.1204801695
    0.1066667432
    0.1187086023
    0.1154581648
    0.1000927489
    0.1258874207
    0.1169762653
    0.1170336450
    0.1167684525
    0.1188189337
    0.1154717096
    0.1149753468
    0.1154740621
    0.1184439677
    0.1130528249
    0.1007774057
    0.1243202657
    0.1238555569
    0.1228773649
    0.1214598969
    0.1046099112
    0.1154626351
    0.1160224125
    0.1156423140
    0.1160930953
    0.1134565593
    0.1169408022
    0.1176075183
    0.1185812531
    0.1213369021
    0.1385260449
    0.1113002169
    0.1226441118
    0.1221185033
    0.1126510898
    0.1135677170
    0.1229755062
    0.1229207180
    0.1240697983
    0.1143982173
    0.1143246113
    0.1176089616
    0.1139141300
    0.1219350732
    0.1146776631
    0.0941732609
    0.1120327125
    0.1003631871
    0.1164956004
    0.1094865337
    0.1150259318
    0.1187668978
    0.1129739932
    0.1284969589
    0.0990761600
    0.1150367916
    0.1218528940
    0.1298042281
    0.0942172708
    0.1215689613
    0.1170585366
    0.1160625031
    0.0985063269
    0.0982786811
    0.1229479685
    0.1012870279
    0.0954174045
    0.1216295016
    0.1196442288
    0.1151062415
    0.1119227330
    0.1157102206
    0.1109281053
    0.1156541694
    0.0975009762
    0.1173698358
    0.1098533118
    0.1202371547
    0.1080333519
    0.1176359002
    0.1228723740
    0.1188611786
    0.1256267495
    0.1179598019
    0.1174257241
    0.1253729004
    0.1271777868
    0.1053355312
    0.1216540142
    0.0977583406
    0.1089263757
    0.1186671202
    0.1204027838
    0.1242652386
    0.1160318547
    0.1264723724
    0.0941938370
    0.1247130561
    0.1209696792
    0.1131550302
    0.1127756563
    0.1129456572
    0.1014135044
    0.1250250894
    0.1155175385
    0.0997294124
    0.1143875437
    0.1170548088
    0.1123762820
    0.1131887234
    0.1204582103
    0.1168252864
    0.1228857137
    0.1187534413
    0.1256994484
    0.1168567896
    0.1022728506
    0.1063721035
    0.1183369151
    0.1191040052
    0.1125625865
    0.1253800258
    0.1237970088
    0.1204287275
    0.1152011574
    0.1166626299
    0.1251153680
    0.1014654509
    0.1135085898
    0.1330917827
    0.1200342525
    0.1323965798
    0.1267311523
    0.1192011992
    0.1271934575
    0.1194569909
    0.1167137538
    0.1322382791
    0.1188382722
    0.1160137358
    0.0988066583
    0.1172902287
    0.1175390264
    0.1003478851
    0.1177015193
    0.1068354650
    0.1297569108
    0.1174980583
    0.0977378637
    0.1201988767
    0.1077511115
    0.1134200456
    0.1204866686
    0.1175259976
    0.1009998345
    0.1205054800
    0.1126920952
    0.1122916645
    0.1173613558
    0.0950191892
    0.1151070545
    0.0944575165
    0.1169139547
    0.1212781157
    0.1187926334
    0.1113399397
    0.1210092777
    0.1148092099
    0.0948661195
    0.1265942791
    0.1137385417
    0.1174820096
    0.1067391488
    0.1200074659
    0.1269789870
    0.0971958378
    0.1188751947
    0.1125276131
    0.1205691999
    0.1193246989
    0.1292126360
    0.1243530303
    0.1008273353
    0.1223498890
    0.1166567696
    0.1019993456
    0.1369175549
    0.0960130986
    0.1320979172
    0.0977276593
    0.1152935576
    0.1159870441
    0.1123844266
    0.1155025193
    0.1290528784
    0.1165374943
    0.1195785780
    0.1132329891
    0.1114527442
    0.1174254438
    0.1162449010
    0.1077732750
    0.1169179026
    0.1090024946
    0.1115804719
    0.1033660620
    0.1147015595
    0.1165676278
    0.1058957649
    0.1123816198
    0.1181080270
    0.1057388267
    0.1212385894
    0.1227687531
    0.1159577359
    0.1225621228
    0.1187288938
    0.1196780693
    0.1169735961
    0.0954749007
    0.1160833531
    0.1274784787
    0.1195424703
    0.1209060653
    0.1160440147
    0.1093103819
    0.1110943800
    0.1188248658
    0.1111298969
    0.1324041088
    0.1147031631
    0.1008873399
    0.1024826233
    0.1183345196
    0.1198024590
    0.1127604054
    0.1150450493
    0.1203972568
    0.1330479186
    0.1201170596
    0.0990535019
    0.1167752319
    0.1122197478
    0.0940519664
    0.0947230329
    0.1236184720
    0.1168519840
    0.1128962582
    0.1013748448
    0.1289470136
    0.1221992637
    0.1195923996
    0.1160842355
    0.1166771587
    0.1185307525
    0.1254346926
    0.0994322307
    0.1016198239
    0.1175882219
    0.1203851117
    0.1145368819
    0.1157927560
    0.0944984561
    0.1205429672
    0.1239464727
    0.1262671212
    0.1191391922
    0.1093124618
    0.1130367009
    0.1158724069
    0.1193020584
    0.1154126854
    0.1215726782
    0.1235665117
    0.1155443415
    0.1125476165
    0.1231819811
    0.0950570492
    0.0959229934
    0.1246113117
    0.1164775815
    0.1133489463
    0.1152498984
    0.1278776447
    0.1114044650
    0.1023892644
    0.1130479118
    0.1142951839
    0.1181332209
    0.1153425990
    0.1132564013
    0.1225825512
    0.1225252160
    0.1175533713
    0.1138664165
    0.1204726539
    0.0945174780
    0.1209361454
    0.1167885569
    0.1391099887
    0.1147116909
    0.1168688129
    0.0999918657
    0.1138456781
    0.1166170434
    0.1164249550
    0.1212404936
    0.1177265052
    0.1129126072
    0.1134315164
    0.1144287274
    0.1125624660
    0.1252144157
    0.1174856521
    0.1209279956
    0.1164523616
    0.1158600153
    0.1142172316
    0.1091099513
    0.1158522765
    0.0948829962
    0.1044252646
    0.1315302328
    0.1272374765
    0.1168900351
    0.1010165982
    0.1223212386
    0.0974989384
    0.1155833300
    0.1014841192
    0.1131429150
    0.1182525318
    0.1255328112
    0.1180959254
    0.1163707481
    0.1082197078
    0.1195911054
    0.1165220355
    0.1155985435
    0.1147676588
    0.1128075358
    0.1200001543
    0.1013602011
    0.1222179812
    0.1189128783
    0.1147170019
    0.1236016006
    0.1087923512
    0.1265242046
    0.1172533682
    0.1281984741
    0.1158094838
    0.1035843794
    0.1164069064
    0.1130463886
    0.1149477177
    0.1158772988
    0.1163523987
    0.1172714813
    0.0940834292
    0.1047769285
    0.1030058807
    0.1143630369
    0.1133983665
    0.1090752473
    0.1185065353
    0.1248699182
    0.1179380732
    0.1192220076
    0.1273767236
    0.1287698027
    0.1195192290
    0.1267376025
    0.1176912094
    0.0982671306
    0.1247492286
    0.1128927748
    0.1135993689
    0.1163533174
    0.1376217844
    0.1109941853
    0.1051377023
    0.1129668098
    0.0956873613
    0.1225518431
    0.1145218750
    0.0957726657
    0.1158196285
    0.1163360375
    0.1168727344
    0.1214422358
    0.1201528933
    0.1171506231
    0.1132581790
    0.1254809387
    0.1134651754
    0.1245063753
    0.1371178597
    0.1228647421
    0.1180923859
    0.1238233334
    0.1249068964
    0.1131702077
    0.1182582688
    0.1207028022
    0.1239959019
    0.1188441302
    0.1207304036
    0.1183223128
    0.1024954852
    0.1168339610
    0.1201977286
    0.1210981267
    0.1139116600
    0.1241350587
    0.0985237443
    0.1141199239
    0.1055580027
    0.1197451568
    0.1173706198
    0.1163164403
    0.1219955355
    0.1176807148
    0.1165636095
    0.1165755529
    0.1168144711
    0.0964729200
    0.1244620194
    0.1162489965
    0.1144648740
    0.1190621336
    0.1147138408
    0.1212414260
    0.1150954398
    0.1116545584
    0.1278574369
    0.1056659023
    0.0949977281
    0.1223498021
    0.0941743454
    0.1088410568
    0.1172040758
    0.1225251166
    0.1161306744
    0.1160308327
    0.1164425994
    0.1170716398
    0.1213175251
    0.1184657390
    0.1152119555
    0.1164874085
    0.1193802701
    0.1160985386
    0.1013481317
    0.1210148351
    0.1145949982
    0.1243740036
    0.1200085277
    0.1178908080
    0.1167490085
    0.1158062576
    0.1047203316
    0.1234707564
    0.1183046752
    0.1169118919
    0.1218821207
    0.1246640314
    0.1228216327
    0.1262861039
    0.1231583435
    0.1183988568
    0.1124833123
    0.1230283425
    0.1198214409
    0.1218695182
    0.1185477836
    0.1265959494
    0.1186373475
    0.1145150195
    0.1266961927
    0.1176965162
    0.1274330828
    0.1284362755
    0.1274199131
    0.1185419713
    0.1166252429
    0.1156289657
    0.1178990871
    0.1016529488
    0.1156344883
    0.1200087347
    0.1273845831
    0.1295534874
    0.1014445520
    0.1130343416
    0.1126557608
    0.1183726950
    0.1164468635
    0.1142078927
    0.1180659384
    0.1169670472
    0.1010459905
    0.0986579188
    0.1135033119
    0.1041950212
    0.1160366244
    0.1171438833
    0.1118171752
    0.1172592692
    0.1211740198
    0.1179215883
    0.1218515804
    0.1135031791
    0.1172596741
    0.1209589574
    0.1116804643
    0.1165520909
    0.1189585197
    0.1254139275
    0.1124627297
    0.1257276163
    0.0958109837
    0.1218281878
    0.1158930045
    0.1209186037
    0.1062147258
    0.1210040162
    0.1292925895
    0.1148976643
    0.1249645879
    0.1059942576
    0.1286610977
    0.1178192385
    0.1172511807
    0.1164810074
    0.1023339441
    0.1129388606
    0.1156875806
    0.1175209518
    0.1000178631
    0.1218975000
    0.1228763165
    0.1245090053
    0.1172558472
    0.1137671434
    0.1160830838
    0.1103507792
    0.0953798727
    0.0994092795
    0.0949805696
    0.1137373463
    0.1226908368
    0.1205407831
    0.1101045981
    0.1158978787
    0.1113707166
    0.1116918730
    0.1133407417
    0.1179088946
    0.1217112421
    0.1174003989
    0.1201226214
    0.1118037374
    0.1163792752
    0.1212560492
    0.1227633196
    0.0945806231
    0.1128344028
    0.1204504892
    0.1128759029
    0.1020111904
    0.1245670945
    0.1208128500
    0.1160950158
    0.1232508704
    0.1169726365
    0.1175889428
    0.1122644678
    0.1158125469
    0.1147339214
    0.1312603910
    0.1154392802
    0.0962733604
    0.0943441965
    0.1319988250
    0.1223445959
    0.1141504874
    0.1091334226
    0.1217898378
    0.1210637510
    0.1171133241
    0.1138749905
    0.1217690828
    0.1161355055
    0.1159332210
    0.1174947349
    0.1223269914
    0.0986159366
    0.1137603834
    0.1158951599
    0.1080390463
    0.1022867257
    0.1176649562
    0.1264948271
    0.0975457164
    0.1064775586
    0.1171942088
    0.1164822150
    0.1213885948
    0.1011836799
    0.1167785415
    0.1211998261
    0.1209967008
    0.1311959295
    0.1128622104
    0.1179420897
    0.1038857622
    0.1176376018
    0.1144399522
    0.1178221856
    0.0995319759
    0.0988373944
    0.1133642260
    0.1259507645
    0.1162249682
    0.1100664449
    0.1172852017
    0.1184738076
    0.1178073298
    0.1139991565
    0.1251878943
    0.1158801029
    0.1143689405
    0.1067256931
    0.1196472374
    0.1179339974
    0.1205152256
    0.1190728517
    0.1142652923
    0.1156607354
    0.1374256846
    0.1175103625
    0.1190282666
    0.1163168345
    0.1161056509
    0.1231762611
    0.0961010161
    0.1128515110
    0.1134579890
    0.0974465066
    0.1152348854
    0.1150656777
    0.1234256019
    0.1196104634
    0.1023688152
    0.1100738746
    0.1173670673
    0.1197330629
