   -0.0065735925    -0.0073170362    -0.0111527852
   -0.0041665764    -0.0072579245     0.0084445892
   -0.0105271706     0.0110151619    -0.0020749448
   -0.0107324876     0.0090068005     0.0065305939
    0.0007067573    -0.0135470084    -0.0087466211
   -0.0001562015     0.0041703853    -0.0144832593
   -0.0097833011     0.0107279719    -0.0014009168
   -0.0089813665     0.0107661980     0.0052438532
    0.0026901549    -0.0147438324     0.0049525526
   -0.0100346835     0.0061633724    -0.0088022998
   -0.0001244318     0.0129593625    -0.0053678046
   -0.0012023851    -0.0090896647     0.0090550883
    0.0087779808    -0.0028334540     0.0117382120
    0.0146533639    -0.0035930845    -0.0040630391
   -0.0013294372    -0.0018274882    -0.0135976384
    0.0034673911    -0.0010017635     0.0139238534
    0.0103144878     0.0098816532    -0.0047128368
   -0.0067765319    -0.0127004218     0.0069705721
    0.0108269716    -0.0053048519     0.0101763478
    0.0017808377     0.0066317799    -0.0131265408
   -0.0022556200    -0.0093245220     0.0080895324
    0.0064072867    -0.0146952063     0.0040625267
   -0.0077761961     0.0091787808    -0.0094682288
   -0.0020414493    -0.0098499316     0.0087690443
   -0.0011747710     0.0020548267     0.0132739272
    0.0150223239     0.0014924933    -0.0010146968
   -0.0063391393     0.0107514588     0.0078026620
   -0.0055013540     0.0055139862     0.0105462834
   -0.0101185552    -0.0050707821    -0.0090444230
   -0.0091069898    -0.0138345056     0.0026146720
   -0.0089103177    -0.0110949149    -0.0052450903
    0.0023173691     0.0007415153    -0.0144589214
    0.0038098451     0.0017309227    -0.0138299096
    0.0066175702     0.0142650977     0.0029526263
    0.0151658509    -0.0039431825     0.0028103296
    0.0013690157     0.0013505301     0.0147391240
    0.0148410514    -0.0046934570     0.0038233822
    0.0152006795    -0.0055373718     0.0006008905
   -0.0084139951    -0.0111414900     0.0023402341
    0.0094849459     0.0083319957     0.0080680801
    0.0058093165    -0.0088122010     0.0119606060
   -0.0097695466     0.0108908029     0.0006489177
   -0.0061350155    -0.0058370094     0.0076091165
   -0.0087123725     0.0012633137     0.0060935120
   -0.0078409193    -0.0150781327     0.0006368594
   -0.0089774950     0.0073947419     0.0070525186
    0.0001820169     0.0119999982     0.0086797103
    0.0111746591    -0.0125867173    -0.0024664891
    0.0092414109     0.0097875105    -0.0070986065
    0.0118514453    -0.0100263187    -0.0062578728
    0.0090542953     0.0033854623    -0.0113064179
    0.0094661762     0.0102429724    -0.0059344026
   -0.0018032018     0.0085001880    -0.0123174433
   -0.0085208774    -0.0023612091    -0.0110682806
   -0.0009333149     0.0123073190     0.0074383273
   -0.0100006330     0.0057920413    -0.0000183083
   -0.0054916441     0.0026206743     0.0102825003
    0.0116567074     0.0083654213    -0.0040362175
    0.0021420755     0.0146315458     0.0003624450
    0.0089064307     0.0107021102     0.0056354432
   -0.0013912891     0.0039604147    -0.0146101699
   -0.0092563609    -0.0132651925     0.0036556388
    0.0084589247     0.0106473827    -0.0069016101
   -0.0028821911    -0.0011169920     0.0104777651
    0.0046954301     0.0092237841    -0.0093831729
   -0.0113481651     0.0042785534    -0.0077479563
   -0.0088565555     0.0021052677     0.0057315237
   -0.0105372777    -0.0049210367     0.0001638023
   -0.0121567443    -0.0002820170     0.0005851841
   -0.0079518499    -0.0058625642    -0.0108348266
   -0.0098461776    -0.0131890928    -0.0056366619
   -0.0079563726    -0.0064085447     0.0043074092
    0.0034263022     0.0064415535    -0.0125616724
    0.0088953420     0.0066879926    -0.0103372440
   -0.0101282689    -0.0131472871     0.0022505661
   -0.0025561628    -0.0031737195     0.0098262767
   -0.0014107715    -0.0031267924     0.0099174689
    0.0010964586     0.0143662879     0.0033788682
    0.0073186349    -0.0115147048    -0.0080195703
    0.0001054052     0.0079222532     0.0135000580
   -0.0080451294     0.0118761193     0.0009520300
    0.0034347507     0.0007629147    -0.0141055769
   -0.0008515756    -0.0048724375    -0.0135925553
    0.0089489213     0.0029917831     0.0111852651
   -0.0097140978     0.0069708314     0.0052101415
   -0.0014872837    -0.0060011673    -0.0133448694
    0.0047637378     0.0036834118    -0.0137439017
   -0.0088197446    -0.0105938012    -0.0060901804
    0.0091110425     0.0067218233     0.0097675207
   -0.0030685366     0.0086821782     0.0108023424
   -0.0115429404     0.0064643550    -0.0061173227
   -0.0017845293     0.0015428554    -0.0153022892
    0.0046501096     0.0121000848    -0.0084058873
    0.0149514499    -0.0016357722     0.0040614515
   -0.0098572122    -0.0047685777     0.0025074229
   -0.0105957842     0.0092590875    -0.0053141334
    0.0038380961     0.0005843913     0.0141098919
    0.0018452161     0.0002535041     0.0145627070
    0.0069516864     0.0097180322     0.0095260087
    0.0124942401     0.0021218148    -0.0069289682
   -0.0070068940     0.0074621516    -0.0122886056
   -0.0082997877    -0.0040186842    -0.0110757747
    0.0059338210    -0.0153001114     0.0008437909
    0.0151011345     0.0013591523     0.0015483668
    0.0052759858    -0.0145303829    -0.0041878815
   -0.0016781832    -0.0026330471    -0.0136220115
   -0.0106443634    -0.0093622195    -0.0031921029
    0.0037790309     0.0126086057     0.0094209371
    0.0151759905    -0.0009390966     0.0030105453
   -0.0122117335     0.0005177919    -0.0018278407
   -0.0008448006    -0.0163373705     0.0020828023
    0.0019071849    -0.0153358389     0.0037236280
    0.0037955643    -0.0036169671    -0.0088705385
   -0.0002952933    -0.0061357097     0.0097503683
    0.0096493138    -0.0089434464     0.0106762547
   -0.0064180839    -0.0002667523    -0.0121236908
    0.0041674142     0.0080530726    -0.0109940532
    0.0091808965     0.0021049286     0.0110876730
   -0.0105308426     0.0103487005    -0.0033728372
   -0.0105914133    -0.0047932114    -0.0038961253
   -0.0079482178    -0.0127813563     0.0059246489
    0.0076238125    -0.0117726875     0.0088139668
   -0.0011236737    -0.0051411916     0.0106600887
   -0.0003253594    -0.0038613577    -0.0136970914
   -0.0077862027     0.0089412887    -0.0104009180
    0.0085872139     0.0115439868    -0.0046570778
   -0.0063378786    -0.0093911256    -0.0100589125
    0.0001884972     0.0100214772     0.0125948507
   -0.0110521817     0.0050379538    -0.0078515961
    0.0051302018     0.0130457464    -0.0053104354
   -0.0122759218     0.0057017383    -0.0050147357
    0.0107132642     0.0081158124    -0.0068339475
    0.0081995052     0.0071245534     0.0104376790
    0.0039349525    -0.0142229716     0.0061844092
    0.0030575628     0.0026504939    -0.0140058060
   -0.0072840873     0.0095344875    -0.0091082527
   -0.0026272357    -0.0046236636    -0.0134059097
   -0.0069019102    -0.0053507921    -0.0117098230
   -0.0110136721     0.0104662728    -0.0011701104
   -0.0003491297    -0.0029543240     0.0097109997
   -0.0016845949     0.0030590940     0.0137614211
   -0.0055076776     0.0127517433     0.0026013554
   -0.0060891692    -0.0091195523     0.0052949883
   -0.0113780789    -0.0010324473     0.0029371225
   -0.0004920453     0.0010928360     0.0148155740
   -0.0064917097    -0.0146333076    -0.0060020991
    0.0024651176    -0.0157190634     0.0017979439
   -0.0120100363     0.0003557612     0.0013457162
    0.0147189975    -0.0065316569    -0.0036208054
   -0.0103439324    -0.0102257978    -0.0018025222
   -0.0055064484    -0.0020895899    -0.0127247263
    0.0085893670    -0.0043597116     0.0118958006
    0.0048626142     0.0093728605    -0.0111189273
   -0.0052640765    -0.0037225442    -0.0127919797
   -0.0109644667     0.0042130593    -0.0037158018
   -0.0026210492     0.0033939534     0.0145687885
   -0.0069521918    -0.0045898750     0.0070193675
   -0.0037292253     0.0115579309     0.0072064281
   -0.0122708910     0.0001166242    -0.0006440207
   -0.0080156147     0.0059453147    -0.0109832130
   -0.0012215420    -0.0014233006     0.0111033476
    0.0007333463     0.0144070959    -0.0003963253
   -0.0107661229    -0.0056290132    -0.0078896480
   -0.0014668240    -0.0016638600     0.0107643738
   -0.0064802839     0.0081466203    -0.0112531638
   -0.0111646386     0.0081388024    -0.0053305892
   -0.0025424892    -0.0157831303    -0.0053418408
   -0.0020351738    -0.0048190408     0.0099143593
   -0.0014254182    -0.0022210056     0.0103422964
    0.0099770023    -0.0137676764     0.0009062974
   -0.0057729203    -0.0104587205     0.0045123265
    0.0035798924     0.0075338589    -0.0117882242
    0.0055195339    -0.0121415123    -0.0079127794
   -0.0032448880    -0.0013477465     0.0101153682
    0.0021832388     0.0145449639     0.0030759324
   -0.0063168811     0.0021114644    -0.0122729492
   -0.0009074794    -0.0011193337     0.0124134905
   -0.0002574258     0.0099991003     0.0112094683
    0.0150645804    -0.0078226290    -0.0000696826
    0.0077728404     0.0140734407     0.0007489896
   -0.0108737998    -0.0092288656    -0.0017565862
   -0.0041706428    -0.0091165656    -0.0115001212
   -0.0030610203     0.0006653224     0.0146391182
    0.0061346377    -0.0150411065    -0.0018552221
   -0.0078036516    -0.0053417188     0.0053308458
   -0.0035808925     0.0106090292    -0.0097861694
    0.0144245045    -0.0054362827     0.0047710408
    0.0093089950    -0.0141006329    -0.0003395947
   -0.0008089042    -0.0004975121     0.0122324519
    0.0071158558    -0.0136111366    -0.0052149029
   -0.0076388253     0.0083697525    -0.0111559718
   -0.0119789904     0.0063483190    -0.0051065868
   -0.0102005497    -0.0056149022    -0.0029671050
    0.0094834652     0.0113446896    -0.0019419265
   -0.0044161048    -0.0003397212     0.0100914717
   -0.0048989338     0.0109744574    -0.0085726885
   -0.0106650357    -0.0044899538    -0.0085736595
    0.0140200655    -0.0001957858     0.0061644705
   -0.0054773934    -0.0081131025     0.0069379875
    0.0082330988     0.0088763461    -0.0093607622
   -0.0105714797     0.0099539782     0.0042799482
    0.0137140584    -0.0080485246     0.0057685767
   -0.0025675516    -0.0129190268     0.0083007647
   -0.0093098161    -0.0019124828     0.0054523673
    0.0004848517    -0.0102940587    -0.0116587480
   -0.0105399201     0.0076622060     0.0054309627
    0.0014715387    -0.0138515516     0.0066360845
   -0.0120944241    -0.0011938312    -0.0020760969
    0.0040005416    -0.0040447478    -0.0114648566
   -0.0038258210    -0.0105867720     0.0066012188
   -0.0038251943     0.0045789596     0.0117716707
   -0.0013318223    -0.0127721675    -0.0100340279
    0.0085525617     0.0103170565     0.0068782408
    0.0059618055     0.0021082205    -0.0134157445
   -0.0085557920     0.0051811649     0.0061419960
   -0.0019337028     0.0117682548    -0.0083824014
   -0.0106926824     0.0047628769     0.0006374917
   -0.0039008174    -0.0157148094    -0.0051067924
    0.0109260477    -0.0009676995     0.0101605577
   -0.0009216750     0.0105148217    -0.0103501365
   -0.0053448251     0.0123931184    -0.0041165753
    0.0128370485    -0.0107670697    -0.0035288103
   -0.0086494430    -0.0105879667     0.0016006205
    0.0014386198     0.0055451681    -0.0137362342
   -0.0026931789     0.0023961344    -0.0152064601
    0.0056710693     0.0119705977    -0.0077880457
   -0.0112551249    -0.0050794967    -0.0074152920
   -0.0101134308    -0.0091008155    -0.0056332642
    0.0093273073     0.0111669238    -0.0037853332
   -0.0048717449    -0.0145298736    -0.0072457733
    0.0123751530     0.0036258796    -0.0068485202
   -0.0046037899    -0.0099127700     0.0061699783
   -0.0027334968     0.0030914429    -0.0148807369
   -0.0038406157     0.0017295750    -0.0134575550
    0.0038201975    -0.0017836232     0.0135997414
    0.0136022788    -0.0007918576    -0.0059938287
    0.0035701473    -0.0037319173    -0.0093034591
    0.0027763964     0.0070596287    -0.0125137765
   -0.0073966544    -0.0019213936    -0.0118054916
   -0.0107168234    -0.0067848374    -0.0071492908
    0.0028190067     0.0102306254    -0.0095830843
   -0.0078751245    -0.0029258199    -0.0115026715
    0.0118335925    -0.0062017352    -0.0096620391
   -0.0017188563    -0.0133102301     0.0079372193
    0.0032853432     0.0017377454    -0.0145581597
    0.0126607364    -0.0020597400    -0.0076541015
   -0.0032376878    -0.0000749815     0.0146796635
   -0.0088763780    -0.0145159158    -0.0021204135
   -0.0018091519    -0.0034982283     0.0099578294
   -0.0038050915    -0.0070154653    -0.0125394078
    0.0095244642     0.0037783578     0.0105379649
    0.0033265783     0.0051102900    -0.0138599135
    0.0104620872    -0.0129614193     0.0039772253
   -0.0025521487    -0.0097006304    -0.0124240560
   -0.0026290912     0.0091555425     0.0103109440
   -0.0105112273    -0.0053594799    -0.0036999898
    0.0037746394     0.0070274619     0.0131926162
   -0.0076181152    -0.0091191917    -0.0092054908
   -0.0003514943    -0.0055351313    -0.0135557561
   -0.0007877621    -0.0112413021    -0.0113023219
    0.0088246689     0.0093321670    -0.0082565070
   -0.0086915387    -0.0098992877     0.0011604138
   -0.0001662504    -0.0038465063     0.0098986963
    0.0087544553    -0.0101965727     0.0099321972
    0.0037761290    -0.0035025199    -0.0087785426
   -0.0032453781    -0.0004193500     0.0107325856
    0.0060282902     0.0125683481     0.0069836370
    0.0072039510     0.0130166801    -0.0030154885
   -0.0116672272     0.0031978077    -0.0016282564
   -0.0115156601     0.0023142932    -0.0039891484
    0.0014693609    -0.0162036540     0.0005065037
    0.0150277576    -0.0092593268     0.0040396924
   -0.0081958537    -0.0096208570    -0.0081432746
    0.0014644818     0.0004105383    -0.0147243096
    0.0055945701     0.0097816327    -0.0104343133
    0.0080027830     0.0062253261    -0.0113154826
   -0.0084485668     0.0097342214    -0.0086228578
    0.0079156425     0.0140679899     0.0037740583
   -0.0118044362     0.0019486332    -0.0031635767
   -0.0031559813    -0.0093890030    -0.0119222161
    0.0036581927    -0.0035698583    -0.0102836064
   -0.0076236790    -0.0142019166    -0.0058464281
    0.0103818039    -0.0082041230     0.0113327913
   -0.0119816374     0.0070050804    -0.0042138738
   -0.0093752154     0.0034244035     0.0045970436
    0.0044008815     0.0053925088    -0.0125102289
    0.0118411966     0.0015369620    -0.0080202735
    0.0033341893     0.0110432282    -0.0079378403
    0.0140737945    -0.0059718010    -0.0058842837
   -0.0045661124     0.0039708459    -0.0136381902
   -0.0056358454    -0.0088773823     0.0061080842
   -0.0033379911     0.0019532903     0.0146468416
   -0.0014488945    -0.0107588583    -0.0117559315
    0.0154165888    -0.0036040658     0.0000751621
    0.0152948789    -0.0092613254     0.0016244165
   -0.0110772233     0.0057853582    -0.0033017827
    0.0063788969     0.0136413105    -0.0041756454
   -0.0067371672     0.0106334703    -0.0076491752
   -0.0075784541    -0.0061917546     0.0054010696
   -0.0050872384    -0.0034342632     0.0088356981
    0.0058769109     0.0144369830     0.0003793837
    0.0130182372    -0.0035170761    -0.0074101469
    0.0012707153     0.0145714980     0.0009274553
   -0.0107030176     0.0050746002    -0.0032409269
   -0.0107312291     0.0059250091    -0.0079386386
   -0.0044135895    -0.0103323307     0.0060546819
   -0.0049980994     0.0016897405     0.0104824109
   -0.0061521265    -0.0082925775     0.0060438891
   -0.0004747397     0.0129882839     0.0065062006
   -0.0070337385     0.0015942067     0.0083633766
    0.0080334483     0.0029380249    -0.0121628007
    0.0123888610    -0.0022316877     0.0087866538
   -0.0112104777    -0.0026882016    -0.0044737197
   -0.0084301837     0.0080210010    -0.0098522973
   -0.0028618546    -0.0140400859     0.0070201056
   -0.0086563534    -0.0138425115    -0.0053957830
   -0.0077917939    -0.0076893849     0.0035152340
   -0.0021680086     0.0054933102     0.0142694023
    0.0140061007    -0.0049411282    -0.0057168482
   -0.0045973058    -0.0051049530     0.0089881574
   -0.0074780081     0.0121057697     0.0003240811
   -0.0002384911     0.0098283727    -0.0110935910
   -0.0086414208    -0.0144500005     0.0015854580
    0.0120261792     0.0053808151    -0.0067428427
    0.0107930636    -0.0077343401     0.0105478025
    0.0081396405    -0.0103040048    -0.0087915577
   -0.0008613984     0.0105747731     0.0098450137
   -0.0008150075     0.0132643579     0.0056127074
    0.0061578820     0.0123732377    -0.0066361776
   -0.0003451277    -0.0145194439     0.0062834610
   -0.0115191514     0.0090321336    -0.0007612720
    0.0029511283    -0.0118910470     0.0094608958
   -0.0049285313     0.0075526780     0.0117614843
    0.0133918942     0.0070323202     0.0030592839
    0.0092236730    -0.0037641816     0.0114872082
    0.0114531218    -0.0046608083     0.0096385256
   -0.0011020123    -0.0067083795    -0.0132666899
    0.0049458611    -0.0139417150    -0.0055520888
   -0.0114244423     0.0035556929    -0.0024979100
    0.0013245692    -0.0041511858    -0.0137167715
   -0.0068988868    -0.0010274178    -0.0120020055
    0.0144014514    -0.0057251219    -0.0047124019
   -0.0031669123     0.0055813219    -0.0139106156
   -0.0071287219     0.0049137809     0.0087191142
    0.0135655429    -0.0106250874    -0.0018256624
    0.0056980439     0.0094698151     0.0107421580
   -0.0054825553    -0.0062797436     0.0080217732
   -0.0115819661     0.0092090909     0.0001437008
    0.0064588000    -0.0093789446    -0.0099916227
    0.0052366343    -0.0150516998    -0.0025911331
    0.0029781304     0.0062089716     0.0137595178
   -0.0102234683     0.0105913135     0.0017244477
   -0.0028277843    -0.0029391808    -0.0134809085
    0.0109673123     0.0100160958    -0.0010495829
   -0.0103511120     0.0051888946    -0.0087592463
   -0.0006149603     0.0059411583    -0.0138755195
    0.0126427966     0.0071254911    -0.0030596859
   -0.0101274090     0.0054953633     0.0005499408
   -0.0121271245     0.0088418538     0.0023188764
    0.0059116843    -0.0006033330    -0.0132581250
    0.0143032348    -0.0085045629     0.0044802172
    0.0018392863     0.0122238779     0.0093005740
   -0.0112691258     0.0026672106    -0.0046452144
   -0.0071992573     0.0122551428     0.0014643283
    0.0073890423    -0.0125792919    -0.0067232090
    0.0097905634     0.0010120847    -0.0106159124
    0.0018174417    -0.0137496830    -0.0080056400
    0.0072126764     0.0075948158     0.0110024603
    0.0077004426     0.0115080889    -0.0063979648
   -0.0059108319    -0.0159408365    -0.0017249744
    0.0129318556    -0.0099518974    -0.0048557671
   -0.0071230536    -0.0133887497     0.0059086226
   -0.0019934850    -0.0013491026     0.0134295420
   -0.0005008470    -0.0031662688     0.0098297051
   -0.0005494185     0.0043468311     0.0146261738
   -0.0091213867     0.0098196557    -0.0077128991
    0.0109651840     0.0086028697    -0.0056123899
    0.0073209311     0.0024526535     0.0124766079
   -0.0032614136     0.0059608235     0.0128057618
   -0.0097291342    -0.0140086216    -0.0012923845
    0.0091949358    -0.0081906850     0.0116761459
    0.0056026649     0.0073017626     0.0122446233
   -0.0043803798    -0.0062776516    -0.0125952167
   -0.0014684451     0.0067106301    -0.0135077418
   -0.0019807932     0.0102176105    -0.0106542250
    0.0018189123     0.0038147846    -0.0142017717
   -0.0049216112    -0.0075450120    -0.0119092086
   -0.0097021463    -0.0010852331     0.0053123904
   -0.0067122977    -0.0024831219    -0.0121967630
   -0.0058159612    -0.0069092237     0.0074207198
    0.0074970077     0.0084218876    -0.0103691142
   -0.0022423283    -0.0014940263     0.0104955173
    0.0004135566     0.0144408959     0.0012998165
    0.0051849686     0.0145734482     0.0012334139
    0.0147794479    -0.0035051024     0.0044611441
   -0.0045335086     0.0043434435    -0.0145917158
   -0.0096327146     0.0050989624     0.0025247663
   -0.0061488167     0.0126273500     0.0018551655
    0.0052529218     0.0106875781    -0.0097118302
   -0.0020456631     0.0068782896     0.0139446340
   -0.0107266517     0.0001650930     0.0042182796
    0.0146398193    -0.0091626566    -0.0027423731
   -0.0033616693    -0.0077720141    -0.0124010518
    0.0018887121     0.0143028258     0.0042462322
   -0.0120560364     0.0015664456    -0.0021790244
   -0.0101769317     0.0047734291     0.0020868596
    0.0121789759    -0.0092935268     0.0084416405
   -0.0048106827    -0.0067559908     0.0083042646
   -0.0104362724     0.0025948808     0.0038983206
   -0.0073970178     0.0075189026    -0.0111674272
    0.0042839518    -0.0150994604    -0.0023776073
   -0.0114964741    -0.0079068553    -0.0031418171
    0.0154213798    -0.0013442146     0.0013167994
    0.0148094143    -0.0058903365     0.0032025149
   -0.0012681510    -0.0079787108     0.0090462575
    0.0073535983    -0.0147088381    -0.0018423776
   -0.0089440482    -0.0057957240     0.0021271865
    0.0097997353    -0.0003713877    -0.0103451820
   -0.0004747731    -0.0042417050     0.0099742394
   -0.0059286840     0.0045898491    -0.0127131760
   -0.0109015421     0.0045383374    -0.0040543493
   -0.0015089432    -0.0050516033     0.0087756505
    0.0151475431    -0.0092139261    -0.0006580974
    0.0013228474     0.0045944334     0.0145083522
    0.0119105307    -0.0083044693     0.0094647610
    0.0039423933    -0.0147088671    -0.0044253451
   -0.0051497357    -0.0096702832    -0.0106726977
   -0.0010754752     0.0004007599     0.0147383972
   -0.0114313874     0.0098730409    -0.0004792263
   -0.0082352480     0.0048927046     0.0068575970
    0.0147296609    -0.0097434347     0.0008139688
   -0.0092323941     0.0042317401     0.0040641599
   -0.0069913754     0.0055788683     0.0089286460
   -0.0054401250     0.0080394941    -0.0117759026
   -0.0011334894    -0.0050199455     0.0079692505
    0.0004470478     0.0093703845     0.0127729584
    0.0052022650    -0.0147708121     0.0045715209
   -0.0014932348     0.0062836201     0.0141108812
   -0.0100380279    -0.0002038106     0.0050734450
    0.0064556150    -0.0051157276     0.0132404032
   -0.0021446953    -0.0104356693    -0.0120779306
   -0.0038602058     0.0122641793    -0.0064607142
   -0.0062188106    -0.0015361946    -0.0123845675
   -0.0114789254     0.0027901999    -0.0061628317
   -0.0102613076    -0.0053901786    -0.0022464942
   -0.0045413046     0.0049096550    -0.0140952497
    0.0020430426     0.0146409798     0.0019168033
   -0.0048496340    -0.0042044295     0.0089673493
    0.0007245666     0.0127330687    -0.0058144145
    0.0144292990    -0.0066348891     0.0041382418
    0.0138989909    -0.0019352646     0.0066109416
    0.0153789728    -0.0028622164    -0.0009907656
    0.0074787532    -0.0039915554     0.0125007076
    0.0035623521    -0.0112788856     0.0101176838
   -0.0009896628    -0.0053059999     0.0084033671
    0.0047900274    -0.0091415612     0.0118079549
   -0.0036481097     0.0039797915    -0.0145665794
    0.0073131718     0.0070878867    -0.0113682119
   -0.0110062221     0.0044571070    -0.0024023538
   -0.0046445848     0.0022025200     0.0108385128
   -0.0090289239     0.0076221218    -0.0093541338
    0.0020484376    -0.0040952251    -0.0087127587
    0.0148877997     0.0022979887     0.0021562961
    0.0039677235     0.0130510040     0.0089654274
    0.0048952607     0.0071928081    -0.0111035735
   -0.0084979092    -0.0148065483    -0.0006499552
   -0.0042461447     0.0111007824     0.0079178259
    0.0033521089    -0.0134627270     0.0075217914
   -0.0105506490     0.0106584587    -0.0025058737
   -0.0091622923     0.0056991154     0.0021928727
   -0.0015974285    -0.0009621876     0.0111605556
    0.0031919094     0.0060941650    -0.0135632751
    0.0027510759    -0.0015997703     0.0139772523
   -0.0026779968     0.0060887362     0.0141406560
   -0.0018595028     0.0028286500     0.0147111888
    0.0051949250     0.0145053108     0.0027754652
    0.0129862293    -0.0055687346    -0.0090160603
   -0.0029471427    -0.0116286424     0.0093302847
    0.0093818309    -0.0101982846    -0.0082218900
   -0.0018962842     0.0015353956    -0.0150636197
    0.0140336264    -0.0073560144     0.0049929011
    0.0025942087     0.0145331638    -0.0007159847
   -0.0109704833    -0.0043622845    -0.0018894617
    0.0023947326    -0.0104294994     0.0106822031
    0.0030559047    -0.0099375906     0.0111641743
   -0.0105826071     0.0051116266    -0.0001496477
    0.0084513243     0.0121605853    -0.0022377965
   -0.0013521806    -0.0052406995     0.0099229603
    0.0031208806     0.0011819200    -0.0141544696
   -0.0073551438     0.0095498493     0.0090145658
   -0.0073985024    -0.0043608914     0.0063932491
   -0.0060862467    -0.0111116155    -0.0091605350
   -0.0013029428    -0.0062849747     0.0096879324
   -0.0106861513    -0.0084405221    -0.0052339495
    0.0047351938     0.0135069283    -0.0041595805
    0.0016308299    -0.0117606700     0.0093145772
   -0.0060477937    -0.0075738572     0.0067568275
    0.0060356724     0.0144293721     0.0020314072
   -0.0115818985    -0.0035216105    -0.0076387298
   -0.0026290368     0.0017840804     0.0118335852
    0.0089311231     0.0118561324    -0.0014003493
   -0.0117500781     0.0009717028     0.0020829305
    0.0077911325     0.0006329976     0.0120759243
   -0.0093120324    -0.0005396197     0.0057525857
   -0.0049338186    -0.0162645402    -0.0006586228
   -0.0070235131    -0.0136752723    -0.0074293981
    0.0026990357    -0.0152655880     0.0032087459
   -0.0019079732    -0.0012500626     0.0108309928
   -0.0058722078     0.0073395611    -0.0122052586
   -0.0023974057     0.0023136844     0.0120864925
   -0.0092662141    -0.0038006042     0.0044009152
    0.0085793186    -0.0075925155     0.0126539732
    0.0095655632     0.0084722402    -0.0082497873
    0.0024182701    -0.0135655955     0.0072455873
   -0.0076794485     0.0052283135     0.0079290741
    0.0009450646     0.0120391277     0.0090841486
   -0.0101153432    -0.0127121229     0.0032362220
   -0.0119261002    -0.0022231325    -0.0015448242
   -0.0105069576     0.0102740248     0.0029472342
   -0.0057481717    -0.0048560567    -0.0124258923
   -0.0112114720     0.0095526804     0.0036448860
    0.0073575070    -0.0095161435     0.0111069922
   -0.0023696223     0.0020998372     0.0146850847
    0.0001961600    -0.0068849090    -0.0135641084
   -0.0075769520    -0.0074400286     0.0043900477
   -0.0020753274    -0.0088015481    -0.0125952942
   -0.0082009582     0.0048829615    -0.0110211127
   -0.0080848773    -0.0072774849     0.0029937089
    0.0031954087    -0.0019130345    -0.0135226791
   -0.0113958000    -0.0035291135     0.0001690944
    0.0037868923     0.0115315280    -0.0096935996
   -0.0108146483    -0.0046643349    -0.0008539436
    0.0110379158    -0.0035513452     0.0101204744
   -0.0084226529     0.0039475565    -0.0109366553
    0.0124585069     0.0047587448    -0.0061855030
    0.0015555681     0.0144859549    -0.0005401774
    0.0084839047     0.0139840763     0.0003751368
    0.0054131970    -0.0153661172    -0.0004464473
   -0.0010242467    -0.0011452434     0.0114545093
    0.0131623311     0.0048639980    -0.0044158190
   -0.0104324885    -0.0033872672    -0.0091826846
   -0.0096170769     0.0109791022     0.0023116967
   -0.0053757994     0.0095486338    -0.0103048384
   -0.0112810144    -0.0002404565    -0.0060818863
    0.0034899084    -0.0032856678    -0.0079713746
   -0.0007632259    -0.0056810280     0.0098568400
   -0.0071878844    -0.0035340560    -0.0118862226
   -0.0048760252     0.0004048937     0.0101379334
    0.0151200331    -0.0051301651     0.0021985626
    0.0021060648    -0.0160602121    -0.0012728454
   -0.0112638161     0.0020353868    -0.0052660546
   -0.0031892631     0.0028449136     0.0117942835
   -0.0012629204    -0.0121328096     0.0089896123
   -0.0018868252    -0.0058207451     0.0097508169
   -0.0022860574     0.0047575709    -0.0143330247
    0.0056205517     0.0010105560    -0.0135653300
    0.0095769350    -0.0121285457    -0.0058120843
    0.0003953547    -0.0022363009    -0.0136876308
    0.0083929887    -0.0003567600    -0.0116636169
    0.0104257003    -0.0074546136    -0.0096050864
   -0.0019743620    -0.0144960080     0.0064682854
   -0.0086602205    -0.0039036865     0.0048836718
   -0.0066598482     0.0111132702    -0.0066262909
   -0.0005441851    -0.0022582811     0.0142696909
   -0.0079128143     0.0071333736    -0.0107494535
    0.0068967769    -0.0085312200     0.0119913861
    0.0028950504     0.0146980409     0.0010577992
   -0.0113100887     0.0007837257    -0.0062767664
   -0.0098886809    -0.0039332766    -0.0096641426
   -0.0035087547    -0.0126839957     0.0083900160
   -0.0095129028    -0.0057051211    -0.0094719986
   -0.0011570908    -0.0019999425     0.0121498652
   -0.0094742937    -0.0098193041    -0.0059318485
   -0.0040878802    -0.0045615429     0.0093368151
   -0.0082847916    -0.0069699334     0.0024766699
   -0.0066946493     0.0043610993    -0.0121896034
   -0.0040596254    -0.0125830776    -0.0101053212
   -0.0049122749    -0.0107159529     0.0054427894
    0.0086978237     0.0053931854    -0.0111068487
    0.0027672112     0.0104218110     0.0114699262
   -0.0030384642     0.0026681323     0.0145924797
   -0.0010253744     0.0049235790    -0.0142993298
   -0.0113560027    -0.0034496164    -0.0025669007
   -0.0092995526     0.0064507987    -0.0095671363
   -0.0076583012     0.0066230633     0.0082931155
   -0.0100453725    -0.0016596200     0.0047910299
   -0.0091172053    -0.0032363863     0.0049683649
    0.0055672805     0.0130318707     0.0072554071
   -0.0111417616     0.0074083993    -0.0061931379
   -0.0018322227    -0.0001395666     0.0114915769
   -0.0059645989     0.0004527125     0.0091985606
   -0.0110777876    -0.0130425551    -0.0026501360
   -0.0084947892     0.0107655339    -0.0052475666
   -0.0061196017     0.0081778997     0.0110235357
   -0.0041666134     0.0101773496     0.0092376516
    0.0014062310    -0.0117529704    -0.0103008381
   -0.0122058384     0.0069544413    -0.0031540950
    0.0057164244     0.0131754297    -0.0053271295
   -0.0089854982     0.0049509302     0.0035154938
   -0.0096288833     0.0057910440     0.0011621130
   -0.0022664036     0.0028644867     0.0123398534
    0.0036336869     0.0112462049     0.0104046740
   -0.0056401619     0.0117600615    -0.0061387930
    0.0103944846    -0.0133721040    -0.0013254776
   -0.0113134961     0.0005600793     0.0032077154
   -0.0006825299    -0.0094238535    -0.0125047790
    0.0010965004    -0.0027915247    -0.0136983229
   -0.0006905620    -0.0051913197     0.0115287246
    0.0000355177    -0.0076456290     0.0096625337
   -0.0110756594     0.0039689364    -0.0048104538
    0.0133180075     0.0016545924     0.0069739390
    0.0002089548    -0.0165089744    -0.0003337569
    0.0053703936     0.0143480742    -0.0010357804
   -0.0081495640     0.0114882030     0.0043065412
   -0.0051525685     0.0064847426    -0.0130318109
    0.0047013958     0.0127761320     0.0083983985
    0.0085219542    -0.0139234970    -0.0031671382
   -0.0116799959    -0.0046058522    -0.0069514235
    0.0014131179     0.0102144302     0.0120769667
   -0.0105326996    -0.0040442286     0.0022621988
   -0.0121870834    -0.0009312059    -0.0001695082
    0.0070142614     0.0132126458     0.0049853099
    0.0047940275    -0.0152586848     0.0028940352
   -0.0047729283    -0.0026816327    -0.0130050570
   -0.0059842136     0.0119675098    -0.0048399064
   -0.0105832860    -0.0117798759    -0.0008893097
   -0.0076119408    -0.0046676684    -0.0114353021
   -0.0061290681     0.0016214587     0.0094844813
    0.0117828657     0.0030672220    -0.0080435091
   -0.0052508319     0.0122888844     0.0049811502
   -0.0061190919     0.0027958892    -0.0124691732
   -0.0002970977     0.0139352406     0.0040142215
    0.0147250887     0.0000917621    -0.0032480009
   -0.0117854693     0.0081934238    -0.0000218835
   -0.0104438562     0.0103723641    -0.0005389810
   -0.0073382963     0.0109993896    -0.0059611636
    0.0008007051     0.0123866261    -0.0067383910
    0.0070243539     0.0128508806    -0.0040955834
   -0.0115528358    -0.0016598375     0.0022288508
    0.0076585816     0.0123626667     0.0045714760
    0.0042078946     0.0092315607     0.0117574473
    0.0036018215    -0.0003104195    -0.0140252402
    0.0096621183     0.0026867294    -0.0108075806
    0.0020525810     0.0077226559    -0.0123670010
   -0.0066187465    -0.0070661990     0.0064178317
   -0.0057414163    -0.0007146100    -0.0124782963
    0.0053113383    -0.0005801383     0.0132940495
   -0.0118761096     0.0056639499    -0.0060126779
    0.0002586161    -0.0044850313    -0.0136859954
   -0.0058442800    -0.0113072549     0.0048668062
    0.0086345143     0.0040002875     0.0112881369
   -0.0090505166     0.0069319312     0.0062607654
    0.0094935516     0.0107012489    -0.0048132582
   -0.0105924852    -0.0018891048    -0.0092470291
    0.0042564335     0.0045419385    -0.0137285557
    0.0038603135    -0.0140509789    -0.0059998141
    0.0009865483    -0.0048748325     0.0093326891
   -0.0113292496    -0.0083932216    -0.0020731942
   -0.0113538956     0.0057510179    -0.0069991284
   -0.0043050715    -0.0017531041    -0.0130941037
   -0.0075834343     0.0059042034     0.0081528541
   -0.0110455239    -0.0088124930    -0.0026327013
   -0.0116131794    -0.0022922745     0.0015114639
   -0.0030367819    -0.0070962977     0.0090246726
    0.0036060589     0.0009585626    -0.0144174112
   -0.0003701642     0.0096038973     0.0120227176
    0.0059861006    -0.0106376328    -0.0092058384
   -0.0117145038    -0.0004000429    -0.0041616604
    0.0006750125     0.0034591963    -0.0145457419
   -0.0098274659    -0.0055973612     0.0006766669
   -0.0070714597    -0.0099112998    -0.0090561085
   -0.0071337764    -0.0079428188     0.0048400516
   -0.0075420963    -0.0005677634    -0.0115997565
   -0.0090343189     0.0096553476     0.0075555814
   -0.0083900295     0.0099556881    -0.0090859330
    0.0018729315     0.0133365701     0.0070900576
   -0.0077466549     0.0032802839    -0.0114692624
   -0.0085153436     0.0058251154     0.0064674408
    0.0017495892     0.0081643050     0.0131758024
    0.0075426996     0.0097571892    -0.0091158829
    0.0045119757     0.0078464285     0.0124964947
    0.0068527983     0.0007624370     0.0126947723
   -0.0014550135     0.0125820431    -0.0065906637
   -0.0080579854     0.0106206705    -0.0061245082
   -0.0114585972    -0.0020747859    -0.0041607909
    0.0132096450    -0.0097098922     0.0064285429
    0.0078336085     0.0001595736    -0.0121903419
   -0.0071869547     0.0118698555     0.0044427185
    0.0045719056     0.0058152719    -0.0132344504
   -0.0025148694    -0.0008350185     0.0108335865
   -0.0062856916    -0.0121143364    -0.0095024815
   -0.0031929261    -0.0144120988    -0.0079496885
    0.0045224129    -0.0003994043    -0.0139480851
   -0.0018081497    -0.0166594985    -0.0005749065
   -0.0107653993    -0.0042323732    -0.0039343183
    0.0065285298    -0.0122916960     0.0086358610
   -0.0113686373    -0.0024727287    -0.0082682989
   -0.0025118776     0.0092378744    -0.0116013365
    0.0084596110    -0.0123324584    -0.0064209175
    0.0025308398     0.0119821360    -0.0066990386
    0.0030966616    -0.0143915923     0.0058229658
   -0.0103165301    -0.0022537394     0.0042027393
   -0.0097112444    -0.0063037887    -0.0019249443
   -0.0083859748     0.0038467521     0.0061727210
    0.0016505240     0.0118026372    -0.0076648703
    0.0065443361     0.0047198682     0.0126731729
   -0.0101574417     0.0062434645    -0.0014907735
    0.0099252434    -0.0108310152     0.0084874471
   -0.0038326840     0.0031703056    -0.0139722385
    0.0017020158    -0.0093562961    -0.0117468128
   -0.0047712646     0.0072416095    -0.0126232326
    0.0023693589    -0.0038742684    -0.0137256124
   -0.0007793598     0.0091614479     0.0131737999
    0.0122426180    -0.0070229183     0.0083856299
   -0.0103958811    -0.0132875046    -0.0037608784
   -0.0012203030    -0.0020782665     0.0106856356
   -0.0094861158     0.0046830873     0.0033005773
    0.0053192189    -0.0000179810    -0.0136258609
   -0.0030422553     0.0120381246    -0.0075083810
   -0.0120517502    -0.0042208525    -0.0065430910
   -0.0090387541     0.0110890146     0.0039854205
   -0.0020123273    -0.0028017814     0.0129150224
   -0.0092884221    -0.0045326634    -0.0101185076
   -0.0069819686    -0.0091225914     0.0037796442
   -0.0098998413    -0.0086206624    -0.0067405622
   -0.0103874452    -0.0046037660     0.0016519451
    0.0024202300     0.0110551231     0.0111703130
    0.0003608769    -0.0042385644     0.0098297842
   -0.0120085553     0.0013894717     0.0008987379
   -0.0013418477    -0.0159186009    -0.0050001375
    0.0139492057    -0.0061636046     0.0056359856
   -0.0006932914    -0.0084077273     0.0091819289
   -0.0056576469     0.0073453755     0.0118831355
    0.0130414605    -0.0075514267     0.0070936708
    0.0019129312    -0.0038307409    -0.0087004368
   -0.0117229400    -0.0031374182    -0.0060939492
    0.0004570484    -0.0025098711     0.0141488677
   -0.0111712496    -0.0078531707    -0.0047729181
   -0.0092841662     0.0107409566    -0.0064630108
    0.0029112222    -0.0014550335    -0.0136958135
    0.0004997593    -0.0010408416     0.0144925812
   -0.0023108382     0.0096712514     0.0097502798
   -0.0098305701    -0.0137831081    -0.0029438977
   -0.0056692438     0.0059646678    -0.0131299398
    0.0115639918     0.0089040197    -0.0029230125
   -0.0064797335    -0.0155660212    -0.0030346248
   -0.0081129939     0.0102314763    -0.0071662915
    0.0152616889    -0.0081372189    -0.0012208987
   -0.0031136132    -0.0085559670    -0.0121929039
   -0.0088380617     0.0089170266    -0.0088387168
   -0.0118976496     0.0076273903    -0.0033754071
   -0.0073919516    -0.0081896707     0.0039957763
   -0.0029465838     0.0101387456     0.0092918962
    0.0028149130    -0.0040772178    -0.0100987812
   -0.0056281650    -0.0126144941     0.0077353059
   -0.0115625244    -0.0073614125    -0.0042900937
    0.0153607634    -0.0086794140    -0.0022335677
   -0.0118754358    -0.0018391793    -0.0026829261
    0.0150931827    -0.0032418516    -0.0025846720
   -0.0063195698    -0.0094444473     0.0045958495
   -0.0042520567    -0.0111132558     0.0068722234
   -0.0080309298    -0.0109273566    -0.0069850033
    0.0017006132    -0.0126897087    -0.0093130902
    0.0028561396     0.0042572220    -0.0137277209
    0.0026980854     0.0075877004     0.0132561492
   -0.0007077119    -0.0135166243    -0.0091400373
    0.0063330363    -0.0117736509    -0.0080961526
    0.0032170490     0.0145489450     0.0033711051
   -0.0091579040    -0.0053655989     0.0026350313
   -0.0122587917     0.0085136112     0.0036124557
   -0.0085275260     0.0116395575     0.0017946978
   -0.0013328397     0.0095180106    -0.0114481307
   -0.0009151476     0.0114050578     0.0087798338
   -0.0047633677     0.0115445682     0.0070161390
    0.0070202144     0.0125887572     0.0054420553
    0.0002529001     0.0142582225     0.0030589572
    0.0152837662    -0.0002675279     0.0019521302
    0.0039789855     0.0108769423    -0.0101183776
   -0.0079222609    -0.0084138013     0.0023009168
   -0.0091458574     0.0008180415     0.0058513313
   -0.0110331407     0.0099693872     0.0005010795
   -0.0109898646    -0.0019773145     0.0032922319
   -0.0082530689    -0.0085922986     0.0014954927
    0.0029345851     0.0081465040    -0.0116759492
    0.0034785098     0.0118959767     0.0099958178
    0.0099062995    -0.0031536781     0.0110251633
    0.0103739347    -0.0133917718     0.0023721816
    0.0025686749     0.0142860953    -0.0019116538
    0.0093442366     0.0000601987    -0.0109020726
    0.0036841088    -0.0036145408    -0.0094557802
    0.0033869503     0.0098176709     0.0116787995
    0.0024498098     0.0112092663    -0.0083129666
   -0.0048297119     0.0097611875     0.0096557983
    0.0072307756     0.0007466985    -0.0126747364
    0.0004233374    -0.0163623868     0.0010695051
   -0.0043538421    -0.0061260226     0.0088385080
    0.0002192526     0.0051372261     0.0144629011
   -0.0043804588     0.0123527208     0.0052736788
   -0.0117858133     0.0093065247     0.0010938407
    0.0124259261    -0.0083100731    -0.0074338234
    0.0021485199     0.0020758809     0.0146425770
   -0.0048948774     0.0088449357    -0.0112751251
   -0.0090434792     0.0046574536    -0.0103106849
   -0.0113330189    -0.0006443904    -0.0054206923
   -0.0070670962    -0.0128601463    -0.0087148285
    0.0030432305     0.0135943573    -0.0039698040
    0.0010618022    -0.0156062390     0.0036136363
   -0.0045081437     0.0059393660     0.0122473138
    0.0096407012    -0.0071575565     0.0115331786
    0.0024733174    -0.0043883235    -0.0094419878
    0.0051663183     0.0127085166    -0.0063667142
    0.0034943352    -0.0040849134    -0.0112644708
    0.0076268245     0.0124189238    -0.0040976960
    0.0131818567     0.0001093383     0.0075274623
   -0.0064092396     0.0073026763     0.0119020748
   -0.0003543684     0.0112798424     0.0093500421
   -0.0002740468     0.0105708916     0.0103466497
   -0.0040017449     0.0052378825     0.0119730585
   -0.0097927042    -0.0124341300    -0.0034619280
    0.0063767523     0.0066431664    -0.0121445018
    0.0102074050     0.0020508293    -0.0102438684
    0.0143109713    -0.0091482383     0.0064841891
    0.0082902792    -0.0082967382    -0.0101123127
    0.0042209562     0.0013430651    -0.0141519863
   -0.0033890877     0.0031823959    -0.0145777145
    0.0082485159     0.0140008821     0.0016130217
    0.0019008186    -0.0138652135     0.0066433194
   -0.0032420563    -0.0157306067     0.0039214859
    0.0078562437    -0.0141317384     0.0044360148
   -0.0099681646     0.0080736087    -0.0078058157
   -0.0097077917    -0.0060741168    -0.0013532638
   -0.0064121817     0.0115496939    -0.0056816700
   -0.0091539791     0.0089695148     0.0085362228
    0.0157732487    -0.0091362002     0.0025272927
    0.0054040761    -0.0040004510    -0.0124655019
   -0.0078416910     0.0027382784     0.0072986564
    0.0108238261     0.0043426261    -0.0091917113
    0.0109588288     0.0055694304    -0.0085053662
   -0.0022349141    -0.0072333214    -0.0128994572
    0.0046304455    -0.0120923531     0.0092806634
    0.0007204787     0.0101574396    -0.0105631107
   -0.0056208339    -0.0150865644     0.0041383245
    0.0021381776    -0.0040927130    -0.0093767545
   -0.0085853675     0.0051631692     0.0035906835
   -0.0057714566    -0.0032000075     0.0083316705
   -0.0055209626    -0.0067937352    -0.0119523584
   -0.0022732875    -0.0039330841     0.0099265494
    0.0150800491    -0.0051183607    -0.0020066112
    0.0074038252     0.0110734521    -0.0075433266
    0.0143842907     0.0004685903     0.0051737469
    0.0065334976    -0.0110558566     0.0099962547
    0.0065100838     0.0127967954    -0.0052596761
   -0.0020708125    -0.0012831990    -0.0134668294
    0.0148165199    -0.0082113222     0.0022737492
    0.0067004015     0.0067882249     0.0118240514
    0.0124959006    -0.0115644635    -0.0022390312
    0.0049958879     0.0140290477     0.0055520506
   -0.0113897283    -0.0041635061    -0.0052943811
    0.0077163693     0.0049373130    -0.0119982187
    0.0028277874    -0.0152802584     0.0032492687
    0.0044683712     0.0024876944    -0.0140045936
    0.0115049763     0.0048511769    -0.0079909611
    0.0046015080    -0.0040555370    -0.0117014506
   -0.0094018287     0.0025670138     0.0050855800
    0.0066989530     0.0143109403     0.0010754893
   -0.0036174016     0.0106249303     0.0086831478
   -0.0069439632     0.0079912825     0.0109969503
   -0.0025300873    -0.0076124994     0.0089349486
   -0.0052014602     0.0038081503    -0.0131376539
   -0.0126368266     0.0085379797     0.0013494449
   -0.0101771838    -0.0095634337    -0.0046100319
    0.0027043450    -0.0045835723    -0.0097059089
   -0.0113076290     0.0003863843    -0.0056912381
   -0.0009413603     0.0014985248    -0.0151056523
   -0.0115887276     0.0078474840    -0.0043901551
    0.0025498716    -0.0159173507    -0.0000090465
    0.0032514026     0.0146806022     0.0021203185
   -0.0052117729     0.0000556500     0.0097035626
   -0.0021556939     0.0127943006    -0.0057751585
    0.0092316117    -0.0130539683    -0.0044993589
    0.0070328896     0.0057745330    -0.0121476118
   -0.0106091885    -0.0048925226    -0.0021460042
   -0.0002332470     0.0030430374     0.0148021759
   -0.0047440854    -0.0109270986    -0.0105802273
    0.0150575523    -0.0076067258    -0.0035600527
   -0.0039429306     0.0092208488     0.0103249741
   -0.0035707215     0.0129037433    -0.0043710534
   -0.0116657753     0.0049676396    -0.0069006826
   -0.0109935675    -0.0051104907    -0.0043762201
   -0.0115583983    -0.0029188662     0.0008147791
   -0.0064254325    -0.0064352632     0.0070321966
   -0.0099452914    -0.0042246100     0.0031170575
   -0.0081520689    -0.0001592624    -0.0112048232
   -0.0053057470     0.0048129808    -0.0132058765
   -0.0101698431     0.0105832523     0.0000391682
   -0.0107758955     0.0054031988    -0.0033711750
   -0.0056511339     0.0102771468     0.0088040113
   -0.0094081008     0.0061437780     0.0046208914
    0.0147001924    -0.0005510683     0.0046444008
   -0.0092076983    -0.0005233478    -0.0105178530
    0.0030562716    -0.0000900284     0.0142414824
    0.0109205591    -0.0071113367     0.0100663231
   -0.0038229684    -0.0147441323     0.0057692205
    0.0041918557    -0.0081114600     0.0124677843
   -0.0100919780    -0.0023428797    -0.0097074476
   -0.0018080653    -0.0156757783     0.0042942793
    0.0123978569    -0.0037908852    -0.0084582427
    0.0062899812    -0.0076761782     0.0127412452
   -0.0099272936    -0.0036539852     0.0037440621
   -0.0038612992     0.0039461811     0.0115888033
   -0.0106924691     0.0102426152     0.0011051299
    0.0110362502     0.0090975880    -0.0044345171
   -0.0086932870     0.0055346124     0.0029912885
   -0.0112672128     0.0098220428    -0.0000416739
    0.0037084952    -0.0036947859    -0.0099094192
    0.0020161831    -0.0153491932    -0.0048929270
    0.0075741742    -0.0055216665     0.0126605967
   -0.0116192700     0.0071655074    -0.0052352365
    0.0042974314     0.0146556165     0.0018433222
    0.0121268244     0.0071400702    -0.0047606409
    0.0005152497    -0.0059886389     0.0097663251
    0.0020847662     0.0108488488    -0.0091278289
   -0.0027355688     0.0047297632     0.0143727588
    0.0042255977     0.0023936110     0.0140804168
   -0.0103046411     0.0035035117     0.0034224756
   -0.0098065135    -0.0030700553     0.0043585804
   -0.0027711538     0.0013832592     0.0146512546
   -0.0112821914     0.0094393321    -0.0017089455
    0.0065770786     0.0017071904     0.0129452945
   -0.0090960168     0.0057872551     0.0049971234
    0.0009830932     0.0087566922     0.0129941215
   -0.0031231163    -0.0105949589     0.0081014977
   -0.0055818745     0.0093771061     0.0099335509
    0.0062266743     0.0027681083     0.0131468901
    0.0098467387    -0.0065498665     0.0110824179
    0.0110653159    -0.0130730746     0.0000311595
    0.0132845539    -0.0056678048     0.0070876069
   -0.0052663349    -0.0156614867    -0.0043220541
    0.0065372431     0.0140463104    -0.0017753808
   -0.0090731598    -0.0061109971     0.0011145686
    0.0116124100    -0.0003149567     0.0094743242
    0.0001900158     0.0080616196    -0.0125825429
   -0.0032889676     0.0008113640     0.0112445016
   -0.0033155411    -0.0049543798     0.0095901782
    0.0102654276    -0.0091859076    -0.0085009345
   -0.0048862485    -0.0114283835    -0.0109248950
   -0.0111662110     0.0039107523     0.0008789377
   -0.0038448348    -0.0090749230     0.0074274742
   -0.0096964879     0.0072595580    -0.0087152985
   -0.0103689849     0.0069383248    -0.0079486654
    0.0138614346    -0.0100309948     0.0042954915
   -0.0038269708    -0.0032802261     0.0094733724
   -0.0086798582     0.0104077730     0.0065413437
    0.0016284979    -0.0013495801     0.0142837210
    0.0006440966     0.0006503075     0.0147522283
    0.0034097234     0.0029470358    -0.0143412390
    0.0128322263     0.0042231269    -0.0056311243
   -0.0122818584     0.0063557044    -0.0040721478
   -0.0081717252    -0.0076172709     0.0022946451
   -0.0095198003    -0.0107626705    -0.0042085116
    0.0089523240     0.0080067620    -0.0093918346
    0.0038118513     0.0100866006    -0.0090456225
   -0.0117850059     0.0025857760    -0.0024123891
   -0.0104461743    -0.0051760311    -0.0011797426
    0.0102353467     0.0050772621    -0.0096835784
    0.0072707562    -0.0060919045     0.0131025555
   -0.0034157555    -0.0165338446     0.0000099837
   -0.0034491374     0.0022855220     0.0115501075
   -0.0042819600     0.0080929808    -0.0121479574
    0.0041172168     0.0106336929     0.0106762549
    0.0042190518    -0.0128638730    -0.0074799205
    0.0000408517    -0.0035398660     0.0097919588
    0.0041439539     0.0067366349    -0.0129846132
    0.0008915870    -0.0145805247    -0.0072009193
    0.0152513173    -0.0039883866    -0.0015441547
   -0.0100612096    -0.0061240653    -0.0026545194
    0.0150197515    -0.0070392869    -0.0012114245
    0.0130876776    -0.0113500318    -0.0005433979
    0.0045338816     0.0086170147    -0.0101771837
    0.0070410795     0.0123684090    -0.0054503738
   -0.0098242534     0.0065826117     0.0044280222
    0.0138478134    -0.0022481894    -0.0058140174
   -0.0018574415    -0.0036730138     0.0127875898
   -0.0098306503     0.0106801555     0.0035183907
   -0.0048930517    -0.0135312941     0.0070877474
    0.0002530806    -0.0160512621     0.0027262721
    0.0072847136    -0.0129769349     0.0073319602
   -0.0005118641     0.0032031372    -0.0147531723
   -0.0108271093    -0.0043842322     0.0006693978
    0.0141700260    -0.0030629645     0.0060422309
    0.0005701457     0.0120687514    -0.0075863292
   -0.0100311968     0.0043510304     0.0029518196
   -0.0046127643    -0.0004726468    -0.0128223643
   -0.0001548014     0.0142778744     0.0021993083
    0.0063695179     0.0132353025    -0.0045529061
   -0.0022869283     0.0081775034     0.0111076704
   -0.0071951057     0.0028413656     0.0084742316
   -0.0020787178    -0.0087187315     0.0084664938
    0.0029571647     0.0139621436    -0.0030222900
   -0.0006042387    -0.0023963231    -0.0136769722
